{
    "expt_args": {
        "save_dir": "all_expt_logs/expt_logs_11.05.24-mean_shift-corr",
        "exp_name": "136",
        "num_nodes": 6,
        "obs_noise_mean": 0.0,
        "obs_noise_var": 1.0,
        "max_edge_strength": 1.0,
        "graph_sparsity_method": "adj_dense_prop",
        "adj_dense_prop": 0.8,
        "num_parents": null,
        "new_noise_mean": 1.0,
        "mix_samples": 1024,
        "stage2_samples": 1024,
        "gmm_tol": 0.001,
        "intv_type": "do",
        "new_noise_var": null,
        "intv_targets": [
            0,
            1,
            2,
            3,
            4,
            5
        ]
    },
    "intv_args_dict": {
        "0": {
            "intv_type": "do",
            "inode": 0,
            "new_mui": 1.0,
            "new_vari": null,
            "true_params": {
                "Si": [
                    [
                        1e-09,
                        0.0,
                        5.782577785576517e-10,
                        8.427129216905107e-10,
                        3.547751378635642e-10,
                        -9.565481520577013e-10
                    ],
                    [
                        0.0,
                        1.0,
                        0.7132046623168042,
                        0.8789519654322878,
                        -0.2906118658432174,
                        -0.32987971207310857
                    ],
                    [
                        5.782577785576517e-10,
                        0.7132046623168042,
                        1.508660890684809,
                        0.6268726401861315,
                        -0.903932690200786,
                        -0.7438982391381617
                    ],
                    [
                        8.427129216905107e-10,
                        0.8789519654322878,
                        0.6268726401861315,
                        1.7725565582474467,
                        0.6436009051372452,
                        -1.0760179255041078
                    ],
                    [
                        3.547751378635642e-10,
                        -0.2906118658432174,
                        -0.903932690200786,
                        0.6436009051372452,
                        2.378063627322128,
                        -0.25649359440539565
                    ],
                    [
                        -9.565481520577013e-10,
                        -0.32987971207310857,
                        -0.7438982391381617,
                        -1.0760179255041078,
                        -0.25649359440539565,
                        1.9854267958109988
                    ]
                ],
                "mui": [
                    1.0,
                    0.0,
                    0.5782577785576517,
                    0.8427129216905107,
                    0.3547751378635642,
                    -0.9565481520577012
                ],
                "Ai": [
                    [
                        0.0,
                        0.0,
                        0.0,
                        0.0,
                        0.0,
                        0.0
                    ],
                    [
                        0.0,
                        0.0,
                        0.0,
                        0.0,
                        0.0,
                        0.0
                    ],
                    [
                        0.5782577785576517,
                        0.7132046623168042,
                        0.0,
                        0.0,
                        0.0,
                        0.0
                    ],
                    [
                        0.8427129216905107,
                        0.8789519654322878,
                        -0.0,
                        0.0,
                        0.0,
                        0.0
                    ],
                    [
                        0.0,
                        -0.5839541299682601,
                        -0.6966669527619692,
                        0.8990347754991119,
                        0.0,
                        0.0
                    ],
                    [
                        -0.0,
                        0.7237924069164426,
                        -0.5086264899307643,
                        -0.7860695034151164,
                        0.0,
                        0.0
                    ]
                ]
            },
            "est_params": {
                "mui": [
                    0.9999993347121926,
                    0.03823828044968697,
                    0.6549231558420309,
                    0.8752415201899986,
                    0.25556949698792186,
                    -0.8870074273624836
                ],
                "Si": [
                    [
                        1.0008216468996157e-06,
                        -1.427434706281483e-06,
                        -2.150972458999922e-06,
                        -1.2157602426054906e-06,
                        -7.182493629454177e-07,
                        -4.225381728717009e-06
                    ],
                    [
                        -1.4274347062814824e-06,
                        1.1099855097645068,
                        0.822497973658045,
                        1.0031285123168223,
                        -0.36847418346171984,
                        -0.24331936334444956
                    ],
                    [
                        -2.150972458999921e-06,
                        0.822497973658045,
                        1.5078606986687102,
                        0.7177411584291955,
                        -0.7524024404966426,
                        -0.8214369564205826
                    ],
                    [
                        -1.2157602426054901e-06,
                        1.0031285123168223,
                        0.7177411584291955,
                        2.2104315909760865,
                        0.9693809243026926,
                        -1.2211397991281328
                    ],
                    [
                        -7.182493629454181e-07,
                        -0.36847418346171984,
                        -0.7524024404966425,
                        0.9693809243026928,
                        2.5442139489041886,
                        -0.6582944727902903
                    ],
                    [
                        -4.225381728717009e-06,
                        -0.24331936334444956,
                        -0.8214369564205825,
                        -1.2211397991281325,
                        -0.6582944727902903,
                        2.3488591867375472
                    ]
                ]
            },
            "est_tgt": [
                0,
                3,
                5
            ],
            "oracle_est_tgt": [
                0
            ]
        },
        "1": {
            "intv_type": "do",
            "inode": 1,
            "new_mui": 1.0,
            "new_vari": null,
            "true_params": {
                "Si": [
                    [
                        1.0,
                        0.0,
                        0.5782577785576517,
                        0.8427129216905107,
                        0.3547751378635642,
                        -0.9565481520577012
                    ],
                    [
                        0.0,
                        1e-09,
                        7.132046623168043e-10,
                        8.789519654322879e-10,
                        -2.9061186584321745e-10,
                        -3.298797120731086e-10
                    ],
                    [
                        0.5782577785576517,
                        7.132046623168043e-10,
                        1.334382058971091,
                        0.4873053026854557,
                        -0.49151546986076566,
                        -1.0617578996583492
                    ],
                    [
                        0.8427129216905107,
                        8.789519654322879e-10,
                        0.4873053026854557,
                        1.7101650691567134,
                        1.198008368215836,
                        -1.5921649916632692
                    ],
                    [
                        0.3547751378635642,
                        -2.9061186584321745e-10,
                        -0.49151546986076566,
                        1.198008368215836,
                        2.4194737691579524,
                        -0.6917200551189671
                    ],
                    [
                        -0.9565481520577012,
                        -3.298797120731086e-10,
                        -1.0617578996583492,
                        -1.5921649916632692,
                        -0.6917200551189671,
                        2.791590537772401
                    ]
                ],
                "mui": [
                    0.0,
                    1.0,
                    0.7132046623168042,
                    0.8789519654322878,
                    -0.2906118658432174,
                    -0.32987971207310857
                ],
                "Ai": [
                    [
                        0.0,
                        0.0,
                        0.0,
                        0.0,
                        0.0,
                        0.0
                    ],
                    [
                        0.0,
                        0.0,
                        0.0,
                        0.0,
                        0.0,
                        0.0
                    ],
                    [
                        0.5782577785576517,
                        0.7132046623168042,
                        0.0,
                        0.0,
                        0.0,
                        0.0
                    ],
                    [
                        0.8427129216905107,
                        0.8789519654322878,
                        -0.0,
                        0.0,
                        0.0,
                        0.0
                    ],
                    [
                        0.0,
                        -0.5839541299682601,
                        -0.6966669527619692,
                        0.8990347754991119,
                        0.0,
                        0.0
                    ],
                    [
                        -0.0,
                        0.7237924069164426,
                        -0.5086264899307643,
                        -0.7860695034151164,
                        0.0,
                        0.0
                    ]
                ]
            },
            "est_params": {
                "mui": [
                    0.06995785763090197,
                    0.9999989854577448,
                    0.6327448240556899,
                    0.9294412781451271,
                    -0.2025370984292464,
                    -0.41973596724833856
                ],
                "Si": [
                    [
                        1.0576882416326197,
                        -2.0393291692896894e-06,
                        0.6551308959014941,
                        0.8947360981288696,
                        0.2879516133522482,
                        -1.0035491973816337
                    ],
                    [
                        -2.03932916928969e-06,
                        1.0010737648221557e-06,
                        -6.727100739227373e-07,
                        -7.916794230200111e-06,
                        -3.6275191877501216e-06,
                        7.055402894534963e-06
                    ],
                    [
                        0.6551308959014939,
                        -6.727100739227375e-07,
                        1.3814583425875544,
                        0.6098825967596715,
                        -0.5757701385887289,
                        -0.977227212814088
                    ],
                    [
                        0.8947360981288693,
                        -7.91679423020011e-06,
                        0.6098825967596713,
                        1.678060431374345,
                        0.9060961436196027,
                        -1.562907413357915
                    ],
                    [
                        0.2879516133522482,
                        -3.6275191877501225e-06,
                        -0.5757701385887289,
                        0.9060961436196027,
                        2.3969783140300467,
                        -0.43972979107477145
                    ],
                    [
                        -1.0035491973816337,
                        7.055402894534965e-06,
                        -0.977227212814088,
                        -1.562907413357915,
                        -0.4397297910747713,
                        2.694813425727066
                    ]
                ]
            },
            "est_tgt": [
                1
            ],
            "oracle_est_tgt": [
                1
            ]
        },
        "2": {
            "intv_type": "do",
            "inode": 2,
            "new_mui": 1.0,
            "new_vari": null,
            "true_params": {
                "Si": [
                    [
                        1.0,
                        0.0,
                        0.0,
                        0.8427129216905107,
                        0.7576282223622289,
                        -0.6624309278747617
                    ],
                    [
                        0.0,
                        1.0,
                        0.0,
                        0.8789519654322878,
                        0.20625425294865993,
                        0.032875071923343616
                    ],
                    [
                        0.0,
                        0.0,
                        1e-09,
                        0.0,
                        -6.966669527619693e-10,
                        -5.086264899307644e-10
                    ],
                    [
                        0.8427129216905107,
                        0.8789519654322878,
                        0.0,
                        2.4827216259214384,
                        1.7187854493291668,
                        -1.315412996981862
                    ],
                    [
                        0.7576282223622289,
                        0.20625425294865993,
                        -6.966669527619693e-10,
                        1.7187854493291668,
                        2.424804868221244,
                        -1.2017995620984991
                    ],
                    [
                        -0.6624309278747617,
                        0.032875071923343616,
                        -5.086264899307644e-10,
                        -1.315412996981862,
                        -1.2017995620984991,
                        2.0578007690169713
                    ]
                ],
                "mui": [
                    0.0,
                    0.0,
                    1.0,
                    0.0,
                    -0.6966669527619692,
                    -0.5086264899307643
                ],
                "Ai": [
                    [
                        0.0,
                        0.0,
                        0.0,
                        0.0,
                        0.0,
                        0.0
                    ],
                    [
                        0.0,
                        0.0,
                        0.0,
                        0.0,
                        0.0,
                        0.0
                    ],
                    [
                        0.0,
                        0.0,
                        0.0,
                        0.0,
                        0.0,
                        0.0
                    ],
                    [
                        0.8427129216905107,
                        0.8789519654322878,
                        -0.0,
                        0.0,
                        0.0,
                        0.0
                    ],
                    [
                        0.0,
                        -0.5839541299682601,
                        -0.6966669527619692,
                        0.8990347754991119,
                        0.0,
                        0.0
                    ],
                    [
                        -0.0,
                        0.7237924069164426,
                        -0.5086264899307643,
                        -0.7860695034151164,
                        0.0,
                        0.0
                    ]
                ]
            },
            "est_params": {
                "mui": [
                    -0.013985711350262598,
                    0.018435968221780456,
                    1.0000150352069024,
                    -0.11342327019081558,
                    -0.7867741013987959,
                    -0.6335291563152141
                ],
                "Si": [
                    [
                        1.0643497125045283,
                        -0.16364882602222686,
                        3.3614464717135786e-05,
                        0.8318191334950311,
                        0.7382151560159007,
                        -0.8107876886421531
                    ],
                    [
                        -0.16364882602222688,
                        1.3263866100151123,
                        -2.501967576260477e-05,
                        1.2127300801065857,
                        0.46822182479317925,
                        0.03825312914575774
                    ],
                    [
                        3.3614464717135786e-05,
                        -2.5019675762604767e-05,
                        1.0336654385145415e-06,
                        -1.0191724723132224e-05,
                        1.0039830009042406e-05,
                        -1.4662090394199173e-05
                    ],
                    [
                        0.8318191334950311,
                        1.2127300801065857,
                        -1.019172472313222e-05,
                        2.927711124805669,
                        2.024466460547393,
                        -1.5019563045853488
                    ],
                    [
                        0.7382151560159008,
                        0.46822182479317925,
                        1.0039830009042406e-05,
                        2.024466460547393,
                        2.5214170299710705,
                        -1.3949947451532085
                    ],
                    [
                        -0.8107876886421531,
                        0.03825312914575777,
                        -1.4662090394199177e-05,
                        -1.5019563045853488,
                        -1.3949947451532085,
                        2.143944844303586
                    ]
                ]
            },
            "est_tgt": [
                2,
                4
            ],
            "oracle_est_tgt": [
                2,
                5
            ]
        },
        "3": {
            "intv_type": "do",
            "inode": 3,
            "new_mui": 1.0,
            "new_vari": null,
            "true_params": {
                "Si": [
                    [
                        1.0,
                        0.0,
                        0.5782577785576517,
                        0.0,
                        -0.4028530844986648,
                        -0.29411722418293956
                    ],
                    [
                        0.0,
                        1.0,
                        0.7132046623168042,
                        0.0,
                        -1.0808202487601375,
                        0.3610376229199905
                    ],
                    [
                        0.5782577785576517,
                        0.7132046623168042,
                        1.8430429488128568,
                        0.0,
                        -1.7004659230314032,
                        -0.4212083466840203
                    ],
                    [
                        0.0,
                        0.0,
                        0.0,
                        1e-09,
                        8.99034775499112e-10,
                        -7.860695034151164e-10
                    ],
                    [
                        -0.4028530844986648,
                        -1.0808202487601375,
                        -1.7004659230314032,
                        8.99034775499112e-10,
                        2.815807861698925,
                        0.08261252367750783
                    ],
                    [
                        -0.29411722418293956,
                        0.3610376229199905,
                        -0.4212083466840203,
                        -7.860695034151164e-10,
                        0.08261252367750783,
                        1.47555401360199
                    ]
                ],
                "mui": [
                    0.0,
                    0.0,
                    0.0,
                    1.0,
                    0.8990347754991119,
                    -0.7860695034151164
                ],
                "Ai": [
                    [
                        0.0,
                        0.0,
                        0.0,
                        0.0,
                        0.0,
                        0.0
                    ],
                    [
                        0.0,
                        0.0,
                        0.0,
                        0.0,
                        0.0,
                        0.0
                    ],
                    [
                        0.5782577785576517,
                        0.7132046623168042,
                        0.0,
                        0.0,
                        0.0,
                        0.0
                    ],
                    [
                        0.0,
                        0.0,
                        0.0,
                        0.0,
                        0.0,
                        0.0
                    ],
                    [
                        0.0,
                        -0.5839541299682601,
                        -0.6966669527619692,
                        0.8990347754991119,
                        0.0,
                        0.0
                    ],
                    [
                        -0.0,
                        0.7237924069164426,
                        -0.5086264899307643,
                        -0.7860695034151164,
                        0.0,
                        0.0
                    ]
                ]
            },
            "est_params": {
                "mui": [
                    0.025074067160003523,
                    0.05527890617933543,
                    0.055131585972775614,
                    1.000001300971952,
                    0.8062361547387611,
                    -0.7342131569955272
                ],
                "Si": [
                    [
                        1.0478790822285886,
                        -0.011335803836754798,
                        0.4373525601144637,
                        -7.293797017487877e-07,
                        -0.4500407584710444,
                        -0.1338542846881377
                    ],
                    [
                        -0.011335803836754798,
                        0.9259230019894953,
                        0.7689384359447042,
                        -3.5176135554074446e-06,
                        -1.147296112046073,
                        0.24831319272442376
                    ],
                    [
                        0.4373525601144637,
                        0.7689384359447042,
                        1.9117799592170812,
                        -2.1104197016069698e-06,
                        -2.0446223400541563,
                        -0.35635678701539614
                    ],
                    [
                        -7.293797017487877e-07,
                        -3.5176135554074446e-06,
                        -2.110419701606969e-06,
                        1.0011522946987634e-06,
                        1.6683934682341765e-06,
                        3.058400355170556e-06
                    ],
                    [
                        -0.45004075847104436,
                        -1.147296112046073,
                        -2.0446223400541563,
                        1.668393468234176e-06,
                        3.123021646151542,
                        0.139339511767152
                    ],
                    [
                        -0.1338542846881377,
                        0.24831319272442376,
                        -0.35635678701539614,
                        3.0584003551705555e-06,
                        0.139339511767152,
                        1.3291722994452917
                    ]
                ]
            },
            "est_tgt": [
                0,
                3,
                4,
                5
            ],
            "oracle_est_tgt": [
                3
            ]
        },
        "4": {
            "intv_type": "do",
            "inode": 4,
            "new_mui": 1.0,
            "new_vari": null,
            "true_params": {
                "Si": [
                    [
                        1.0,
                        0.0,
                        0.5782577785576517,
                        0.8427129216905107,
                        0.0,
                        -0.9565481520577012
                    ],
                    [
                        0.0,
                        1.0,
                        0.7132046623168042,
                        0.8789519654322878,
                        0.0,
                        -0.32987971207310857
                    ],
                    [
                        0.5782577785576517,
                        0.7132046623168042,
                        1.8430429488128568,
                        1.1141779417574091,
                        0.0,
                        -1.2970296480773436
                    ],
                    [
                        0.8427129216905107,
                        0.8789519654322878,
                        1.1141779417574091,
                        2.4827216259214384,
                        0.0,
                        -1.8821134126562167
                    ],
                    [
                        0.0,
                        0.0,
                        0.0,
                        0.0,
                        1e-09,
                        0.0
                    ],
                    [
                        -0.9565481520577012,
                        -0.32987971207310857,
                        -1.2970296480773436,
                        -1.8821134126562167,
                        0.0,
                        2.900411162101018
                    ]
                ],
                "mui": [
                    0.0,
                    0.0,
                    0.0,
                    0.0,
                    1.0,
                    0.0
                ],
                "Ai": [
                    [
                        0.0,
                        0.0,
                        0.0,
                        0.0,
                        0.0,
                        0.0
                    ],
                    [
                        0.0,
                        0.0,
                        0.0,
                        0.0,
                        0.0,
                        0.0
                    ],
                    [
                        0.5782577785576517,
                        0.7132046623168042,
                        0.0,
                        0.0,
                        0.0,
                        0.0
                    ],
                    [
                        0.8427129216905107,
                        0.8789519654322878,
                        -0.0,
                        0.0,
                        0.0,
                        0.0
                    ],
                    [
                        0.0,
                        0.0,
                        0.0,
                        0.0,
                        0.0,
                        0.0
                    ],
                    [
                        -0.0,
                        0.7237924069164426,
                        -0.5086264899307643,
                        -0.7860695034151164,
                        0.0,
                        0.0
                    ]
                ]
            },
            "est_params": {
                "mui": [
                    0.13636716287401202,
                    0.029999571663093364,
                    -0.0748667219212741,
                    0.11377430276371037,
                    1.0000046420681428,
                    -0.003921399659230012
                ],
                "Si": [
                    [
                        0.9501903525438656,
                        -0.05659024844771749,
                        0.4703986991602024,
                        0.7636320926178155,
                        2.1264091439117182e-06,
                        -0.8614109202811783
                    ],
                    [
                        -0.05659024844771752,
                        0.9879483490718429,
                        0.7726344167720418,
                        0.9048334864869801,
                        8.788225265844233e-06,
                        -0.33594171386047833
                    ],
                    [
                        0.4703986991602024,
                        0.7726344167720418,
                        1.8194453702223135,
                        1.0749498557379018,
                        8.018897047556394e-06,
                        -1.1694389070590463
                    ],
                    [
                        0.7636320926178154,
                        0.9048334864869801,
                        1.0749498557379018,
                        2.470282617134258,
                        1.2479189372484088e-05,
                        -1.6756886860293576
                    ],
                    [
                        2.1264091439117182e-06,
                        8.788225265844233e-06,
                        8.018897047556396e-06,
                        1.2479189372484088e-05,
                        1.0057581234001826e-06,
                        -1.0712650137239166e-05
                    ],
                    [
                        -0.8614109202811783,
                        -0.33594171386047833,
                        -1.1694389070590463,
                        -1.6756886860293572,
                        -1.0712650137239166e-05,
                        2.5103160851784083
                    ]
                ]
            },
            "est_tgt": [
                2,
                3,
                4
            ],
            "oracle_est_tgt": [
                4
            ]
        },
        "5": {
            "intv_type": "do",
            "inode": 5,
            "new_mui": 1.0,
            "new_vari": null,
            "true_params": {
                "Si": [
                    [
                        1.0,
                        0.0,
                        0.5782577785576517,
                        0.8427129216905107,
                        0.3547751378635642,
                        0.0
                    ],
                    [
                        0.0,
                        1.0,
                        0.7132046623168042,
                        0.8789519654322878,
                        -0.2906118658432174,
                        0.0
                    ],
                    [
                        0.5782577785576517,
                        0.7132046623168042,
                        1.8430429488128568,
                        1.1141779417574091,
                        -0.6987812072974683,
                        0.0
                    ],
                    [
                        0.8427129216905107,
                        0.8789519654322878,
                        1.1141779417574091,
                        2.4827216259214384,
                        0.9425744978104296,
                        0.0
                    ],
                    [
                        0.3547751378635642,
                        -0.2906118658432174,
                        -0.6987812072974683,
                        0.9425744978104296,
                        2.503929025642374,
                        0.0
                    ],
                    [
                        0.0,
                        0.0,
                        0.0,
                        0.0,
                        0.0,
                        1e-09
                    ]
                ],
                "mui": [
                    0.0,
                    0.0,
                    0.0,
                    0.0,
                    0.0,
                    1.0
                ],
                "Ai": [
                    [
                        0.0,
                        0.0,
                        0.0,
                        0.0,
                        0.0,
                        0.0
                    ],
                    [
                        0.0,
                        0.0,
                        0.0,
                        0.0,
                        0.0,
                        0.0
                    ],
                    [
                        0.5782577785576517,
                        0.7132046623168042,
                        0.0,
                        0.0,
                        0.0,
                        0.0
                    ],
                    [
                        0.8427129216905107,
                        0.8789519654322878,
                        -0.0,
                        0.0,
                        0.0,
                        0.0
                    ],
                    [
                        0.0,
                        -0.5839541299682601,
                        -0.6966669527619692,
                        0.8990347754991119,
                        0.0,
                        0.0
                    ],
                    [
                        0.0,
                        0.0,
                        0.0,
                        0.0,
                        0.0,
                        0.0
                    ]
                ]
            },
            "est_params": {
                "mui": [
                    -0.02413804164607062,
                    -0.1811436954435659,
                    -0.19801517886982659,
                    -0.2831024244324389,
                    0.05552326795205378,
                    0.7279664771945128
                ],
                "Si": [
                    [
                        0.9398901146092233,
                        -0.018478942101276652,
                        0.5139334488109064,
                        0.7485467694827402,
                        0.3548185841263339,
                        -0.20509168326077867
                    ],
                    [
                        -0.018478942101276645,
                        0.9278816358444324,
                        0.7881053588903294,
                        0.8036694484522409,
                        -0.2910204974653844,
                        -0.09119355237587869
                    ],
                    [
                        0.5139334488109064,
                        0.7881053588903294,
                        1.9457068053573303,
                        1.1137910644045093,
                        -0.7007233503333057,
                        -0.34175298043512015
                    ],
                    [
                        0.74854676948274,
                        0.8036694484522409,
                        1.1137910644045093,
                        2.3521086871279073,
                        1.0120124846186052,
                        -0.4063856457708127
                    ],
                    [
                        0.35481858412633394,
                        -0.2910204974653844,
                        -0.7007233503333058,
                        1.012012484618605,
                        2.3342816260383064,
                        -0.1259151222030885
                    ],
                    [
                        -0.2050916832607787,
                        -0.09119355237587867,
                        -0.34175298043512015,
                        -0.40638564577081276,
                        -0.1259151222030885,
                        0.8162983047645372
                    ]
                ]
            },
            "est_tgt": [
                5
            ],
            "oracle_est_tgt": [
                5
            ]
        },
        "obs": {
            "intv_type": "obs",
            "true_params": {
                "Si": [
                    [
                        1.0,
                        0.0,
                        0.5782577785576517,
                        0.8427129216905107,
                        0.3547751378635642,
                        -0.9565481520577012
                    ],
                    [
                        0.0,
                        1.0,
                        0.7132046623168042,
                        0.8789519654322878,
                        -0.2906118658432174,
                        -0.32987971207310857
                    ],
                    [
                        0.5782577785576517,
                        0.7132046623168042,
                        1.8430429488128568,
                        1.1141779417574091,
                        -0.6987812072974683,
                        -1.2970296480773436
                    ],
                    [
                        0.8427129216905107,
                        0.8789519654322878,
                        1.1141779417574091,
                        2.4827216259214384,
                        0.9425744978104296,
                        -1.8821134126562167
                    ],
                    [
                        0.3547751378635642,
                        -0.2906118658432174,
                        -0.6987812072974683,
                        0.9425744978104296,
                        2.503929025642374,
                        -0.5958530965854446
                    ],
                    [
                        -0.9565481520577012,
                        -0.32987971207310857,
                        -1.2970296480773436,
                        -1.8821134126562167,
                        -0.5958530965854446,
                        2.900411162101018
                    ]
                ],
                "mui": [
                    0.0,
                    0.0,
                    0.0,
                    0.0,
                    0.0,
                    0.0
                ],
                "Ai": [
                    [
                        0.0,
                        0.0,
                        0.0,
                        0.0,
                        0.0,
                        0.0
                    ],
                    [
                        0.0,
                        0.0,
                        0.0,
                        0.0,
                        0.0,
                        0.0
                    ],
                    [
                        0.5782577785576517,
                        0.7132046623168042,
                        0.0,
                        0.0,
                        0.0,
                        0.0
                    ],
                    [
