{
    "expt_args": {
        "save_dir": "all_expt_logs/expt_logs_11.05.24-mean_shift-corr",
        "exp_name": "372",
        "num_nodes": 6,
        "obs_noise_mean": 0.0,
        "obs_noise_var": 1.0,
        "max_edge_strength": 1.0,
        "graph_sparsity_method": "adj_dense_prop",
        "adj_dense_prop": 0.8,
        "num_parents": null,
        "new_noise_mean": 2.0,
        "mix_samples": 16384,
        "stage2_samples": 16384,
        "gmm_tol": 0.001,
        "intv_type": "do",
        "new_noise_var": null,
        "intv_targets": [
            0,
            1,
            2,
            3,
            4,
            5
        ]
    },
    "intv_args_dict": {
        "0": {
            "intv_type": "do",
            "inode": 0,
            "new_mui": 2.0,
            "new_vari": null,
            "true_params": {
                "Si": [
                    [
                        1e-09,
                        6.366377969478448e-10,
                        5.511830624966156e-10,
                        1.2430114512039526e-09,
                        6.588549289303213e-10,
                        -1.423478132073826e-09
                    ],
                    [
                        6.366377969478448e-10,
                        1.0000000004053078,
                        -0.5523151134881206,
                        -0.28969102898114213,
                        1.3793515586111245,
                        0.7272139798404176
                    ],
                    [
                        5.511830624966156e-10,
                        -0.5523151134881206,
                        1.3050519852788174,
                        0.684503907895301,
                        -1.7327701711525432,
                        -0.8018141290783554
                    ],
                    [
                        1.2430114512039526e-09,
                        -0.28969102898114213,
                        0.684503907895301,
                        1.3590244728920675,
                        -0.9088434524343122,
                        -1.0810046747852613
                    ],
                    [
                        6.588549289303213e-10,
                        1.3793515586111245,
                        -1.7327701711525432,
                        -0.9088434524343122,
                        3.845322502605202,
                        0.8501922981662365
                    ],
                    [
                        -1.423478132073826e-09,
                        0.7272139798404176,
                        -0.8018141290783554,
                        -1.0810046747852613,
                        0.8501922981662365,
                        2.4183043105566293
                    ]
                ],
                "mui": [
                    2.0,
                    1.2732755938956895,
                    1.102366124993231,
                    2.486022902407905,
                    1.3177098578606423,
                    -2.846956264147652
                ],
                "Ai": [
                    [
                        0.0,
                        0.0,
                        0.0,
                        0.0,
                        0.0,
                        0.0
                    ],
                    [
                        0.6366377969478447,
                        0.0,
                        0.0,
                        0.0,
                        0.0,
                        0.0
                    ],
                    [
                        0.9028077397920902,
                        -0.5523151138390245,
                        0.0,
                        0.0,
                        0.0,
                        0.0
                    ],
                    [
                        0.9539141859526943,
                        -0.0,
                        0.524503173123237,
                        0.0,
                        0.0,
                        0.0
                    ],
                    [
                        0.6572738329799834,
                        0.8430903344588657,
                        -0.9709334586290232,
                        0.0,
                        0.0,
                        0.0
                    ],
                    [
                        -0.5393035676669831,
                        0.9626664383923367,
                        -0.5794400621635469,
                        -0.6604506184707433,
                        -0.5414229439086345,
                        0.0
                    ]
                ]
            },
            "est_params": {
                "mui": [
                    1.999999310104029,
                    1.2841141773259366,
                    1.0982378483132054,
                    2.4697869647942454,
                    1.3323258700633278,
                    -2.819555957751445
                ],
                "Si": [
                    [
                        1.0108697747918538e-06,
                        4.158759875519244e-06,
                        1.951742591499049e-07,
                        2.0490764525426154e-06,
                        2.135469602646603e-06,
                        5.993130117180059e-06
                    ],
                    [
                        4.158759875519244e-06,
                        1.0076571702757,
                        -0.5590728010940207,
                        -0.27644072471453396,
                        1.3893987810200528,
                        0.7305644212360491
                    ],
                    [
                        1.951742591499049e-07,
                        -0.5590728010940207,
                        1.3541561461805556,
                        0.6785656425736634,
                        -1.7758307280323502,
                        -0.7745145547516578
                    ],
                    [
                        2.0490764525426154e-06,
                        -0.27644072471453396,
                        0.6785656425736634,
                        1.3062719852195597,
                        -0.8718432998644197,
                        -1.0366130164227279
                    ],
                    [
                        2.1354696026466027e-06,
                        1.389398781020053,
                        -1.7758307280323502,
                        -0.8718432998644197,
                        3.8970291134317456,
                        0.7945429929382941
                    ],
                    [
                        5.993130117180059e-06,
                        0.7305644212360491,
                        -0.7745145547516578,
                        -1.036613016422728,
                        0.7945429929382941,
                        2.361436742054558
                    ]
                ]
            },
            "est_tgt": [
                0,
                2
            ],
            "oracle_est_tgt": [
                0
            ]
        },
        "1": {
            "intv_type": "do",
            "inode": 1,
            "new_mui": 2.0,
            "new_vari": null,
            "true_params": {
                "Si": [
                    [
                        1.0,
                        0.0,
                        0.9028077397920902,
                        1.4274397101938634,
                        -0.21929240829340194,
                        -1.8864500386860505
                    ],
                    [
                        0.0,
                        1e-09,
                        -5.523151138390246e-10,
                        -2.896910297724902e-10,
                        1.3793515581916725e-09,
                        7.272139807466576e-10
                    ],
                    [
                        0.9028077397920902,
                        -5.523151138390246e-10,
                        1.8150618153335545,
                        1.8132067917328358,
                        -1.1689123428757904,
                        -2.1032645517908435
                    ],
                    [
                        1.4274397101938634,
                        -2.896910297724902e-10,
                        1.8132067917328358,
                        3.3126877049386056,
                        -0.8222843720840757,
                        -3.563131002796297
                    ],
                    [
                        -0.21929240829340194,
                        1.3793515581916725e-09,
                        -1.1689123428757904,
                        -0.8222843720840757,
                        1.990800943323048,
                        0.2607927347341602
                    ],
                    [
                        -1.8864500386860505,
                        7.272139807466576e-10,
                        -2.1032645517908435,
                        -3.563131002796297,
                        0.2607927347341602,
                        5.448157883724382
                    ]
                ],
                "mui": [
                    0.0,
                    2.0,
                    -1.104630227678049,
                    -0.5793820595449805,
                    2.758703116383345,
                    1.454427961493315
                ],
                "Ai": [
                    [
                        0.0,
                        0.0,
                        0.0,
                        0.0,
                        0.0,
                        0.0
                    ],
                    [
                        0.0,
                        0.0,
                        0.0,
                        0.0,
                        0.0,
                        0.0
                    ],
                    [
                        0.9028077397920902,
                        -0.5523151138390245,
                        0.0,
                        0.0,
                        0.0,
                        0.0
                    ],
                    [
                        0.9539141859526943,
                        -0.0,
                        0.524503173123237,
                        0.0,
                        0.0,
                        0.0
                    ],
                    [
                        0.6572738329799834,
                        0.8430903344588657,
                        -0.9709334586290232,
                        0.0,
                        0.0,
                        0.0
                    ],
                    [
                        -0.5393035676669831,
                        0.9626664383923367,
                        -0.5794400621635469,
                        -0.6604506184707433,
                        -0.5414229439086345,
                        0.0
                    ]
                ]
            },
            "est_params": {
                "mui": [
                    0.011988190674689932,
                    2.0000007141787743,
                    -1.0881566225498218,
                    -0.5579323512231188,
                    2.7233181963378974,
                    1.43294845638261
                ],
                "Si": [
                    [
                        1.0313770251340058,
                        7.169853930560836e-07,
                        0.9392468628989429,
                        1.4680127110624026,
                        -0.21168876241591,
                        -1.960495462872233
                    ],
                    [
                        7.169853930560836e-07,
                        1.0012700011243141e-06,
                        9.087882938642288e-07,
                        1.8278878910308931e-06,
                        -9.712800054436436e-07,
                        -2.5041966796256914e-06
                    ],
                    [
                        0.9392468628989431,
                        9.087882938642288e-07,
                        1.8237081879613783,
                        1.8542808795460093,
                        -1.1601423427515414,
                        -2.2034996259920794
                    ],
                    [
                        1.4680127110624026,
                        1.8278878910308935e-06,
                        1.8542808795460093,
                        3.3169796667788467,
                        -0.8272911367084953,
                        -3.632614195193388
                    ],
                    [
                        -0.21168876241591,
                        -9.712800054436436e-07,
                        -1.1601423427515414,
                        -0.8272911367084952,
                        1.9606521892029092,
                        0.32087376947957336
                    ],
                    [
                        -1.9604954628722326,
                        -2.5041966796256922e-06,
                        -2.20349962599208,
                        -3.632614195193388,
                        0.32087376947957336,
                        5.599578246634795
                    ]
                ]
            },
            "est_tgt": [
                1,
                2,
                3
            ],
            "oracle_est_tgt": [
                1,
                2,
                3
            ]
        },
        "2": {
            "intv_type": "do",
            "inode": 2,
            "new_mui": 2.0,
            "new_vari": null,
            "true_params": {
                "Si": [
                    [
                        1.0,
                        0.6366377969478447,
                        0.0,
                        0.9539141859526943,
                        1.1940170061378972,
                        -1.2029151437538848
                    ],
                    [
                        0.6366377969478447,
                        1.4053076845026051,
                        0.0,
                        0.60729782582222,
                        1.6032466907647578,
                        -0.25962325950597087
                    ],
                    [
                        0.0,
                        0.0,
                        1e-09,
                        5.245031731232371e-10,
                        -9.709334586290234e-10,
                        -4.0016285573233794e-10
                    ],
                    [
                        0.9539141859526943,
                        0.60729782582222,
                        5.245031731232371e-10,
                        1.909952274436895,
                        1.1389897599144476,
                        -1.8079284388047852
                    ],
                    [
                        1.1940170061378972,
                        1.6032466907647578,
                        -9.709334586290234e-10,
                        1.1389897599144476,
                        3.1364779239471807,
                        -1.5509534514950762
                    ],
                    [
                        -1.2029151437538848,
                        -0.25962325950597087,
                        -4.0016285573233794e-10,
                        -1.8079284388047852,
                        -1.5509534514950762,
                        3.4325750694397477
                    ]
                ],
                "mui": [
                    0.0,
                    0.0,
                    2.0,
                    1.049006346246474,
                    -1.9418669172580465,
                    -0.8003257114646758
                ],
                "Ai": [
                    [
                        0.0,
                        0.0,
                        0.0,
                        0.0,
                        0.0,
                        0.0
                    ],
                    [
                        0.6366377969478447,
                        0.0,
                        0.0,
                        0.0,
                        0.0,
                        0.0
                    ],
                    [
                        0.0,
                        0.0,
                        0.0,
                        0.0,
                        0.0,
                        0.0
                    ],
                    [
                        0.9539141859526943,
                        -0.0,
                        0.524503173123237,
                        0.0,
                        0.0,
                        0.0
                    ],
                    [
                        0.6572738329799834,
                        0.8430903344588657,
                        -0.9709334586290232,
                        0.0,
                        0.0,
                        0.0
                    ],
                    [
                        -0.5393035676669831,
                        0.9626664383923367,
                        -0.5794400621635469,
                        -0.6604506184707433,
                        -0.5414229439086345,
                        0.0
                    ]
                ]
            },
            "est_params": {
                "mui": [
                    0.034218973396860246,
                    0.021534460010923084,
                    2.000000944609386,
                    1.0673149932193575,
                    -1.882404598156312,
                    -0.8708882084060602
                ],
                "Si": [
                    [
                        0.999225600026627,
                        0.6355604287390078,
                        2.506052237296377e-06,
                        0.9378243136095066,
                        1.1786656980049215,
                        -1.214870421147178
                    ],
                    [
                        0.6355604287390078,
                        1.419415343686574,
                        -8.272380482834257e-07,
                        0.5946889093945446,
                        1.5857745597430675,
                        -0.24597175958934409
                    ],
                    [
                        2.5060522372963767e-06,
                        -8.27238048283426e-07,
                        1.0076138911861204e-06,
                        8.465597167336193e-07,
                        9.9870221788189e-07,
                        -2.8417615851012415e-06
                    ],
                    [
                        0.9378243136095066,
                        0.5946889093945447,
                        8.465597167336195e-07,
                        1.8807817087159462,
                        1.1176006469091302,
                        -1.850018606990585
                    ],
                    [
                        1.1786656980049215,
                        1.5857745597430675,
                        9.987022178818906e-07,
                        1.1176006469091302,
                        3.077515557056323,
                        -1.5185398934350938
                    ],
                    [
                        -1.2148704211471781,
                        -0.24597175958934406,
                        -2.841761585101241e-06,
                        -1.8500186069905846,
                        -1.5185398934350935,
                        3.462667307651235
                    ]
                ]
            },
            "est_tgt": [
                1,
                2,
                3
            ],
            "oracle_est_tgt": [
                1,
                2,
                3
            ]
        },
        "3": {
            "intv_type": "do",
            "inode": 3,
            "new_mui": 2.0,
            "new_vari": null,
            "true_params": {
                "Si": [
                    [
                        1.0,
                        0.6366377969478447,
                        0.5511830624966155,
                        0.0,
                        0.6588549289303212,
                        -0.6025304503599594
                    ],
                    [
                        0.6366377969478447,
                        1.4053076845026051,
                        -0.201411143216213,
                        0.0,
                        1.798803508654101,
                        0.15229370245683266
                    ],
                    [
                        0.5511830624966155,
                        -0.201411143216213,
                        1.6088547533581625,
                        0.0,
                        -1.3696204940468883,
                        -0.681837678308026
                    ],
                    [
                        0.0,
                        0.0,
                        0.0,
                        1e-09,
                        0.0,
                        -6.604506184707433e-10
                    ],
                    [
                        0.6588549289303212,
                        1.798803508654101,
                        -1.3696204940468883,
                        0.0,
                        4.279412319546891,
                        -0.14703407874037566
                    ],
                    [
                        -0.6025304503599594,
                        0.15229370245683266,
                        -0.681837678308026,
                        -6.604506184707433e-10,
                        -0.14703407874037566,
                        1.9462465485477756
                    ]
                ],
                "mui": [
                    0.0,
                    0.0,
                    0.0,
                    2.0,
                    0.0,
                    -1.3209012369414865
                ],
                "Ai": [
                    [
                        0.0,
                        0.0,
                        0.0,
                        0.0,
                        0.0,
                        0.0
                    ],
                    [
                        0.6366377969478447,
                        0.0,
                        0.0,
                        0.0,
                        0.0,
                        0.0
                    ],
                    [
                        0.9028077397920902,
                        -0.5523151138390245,
                        0.0,
                        0.0,
                        0.0,
                        0.0
                    ],
                    [
                        0.0,
                        0.0,
                        0.0,
                        0.0,
                        0.0,
                        0.0
                    ],
                    [
                        0.6572738329799834,
                        0.8430903344588657,
                        -0.9709334586290232,
                        0.0,
                        0.0,
                        0.0
                    ],
                    [
                        -0.5393035676669831,
                        0.9626664383923367,
                        -0.5794400621635469,
                        -0.6604506184707433,
                        -0.5414229439086345,
                        0.0
                    ]
                ]
            },
            "est_params": {
                "mui": [
                    0.014536143125056054,
                    0.00155453528904444,
                    0.023851860545416357,
                    1.9999999677028553,
                    -0.002673621695867593,
                    -1.306907925103528
                ],
                "Si": [
                    [
                        1.0135240015966152,
                        0.6442358634850139,
                        0.5503031868975798,
                        -7.07938727735783e-07,
                        0.6635898330177988,
                        -0.5896483072328658
                    ],
                    [
                        0.6442358634850139,
                        1.3941245785955159,
                        -0.1755585349741255,
                        -3.2232807914110642e-06,
                        1.8014648603893342,
                        0.13080512582374235
                    ],
                    [
                        0.5503031868975798,
                        -0.17555853497412546,
                        1.5752893015716094,
                        -9.286560194850239e-08,
                        -1.356871126225854,
                        -0.6327231679905709
                    ],
                    [
                        -7.079387277357826e-07,
                        -3.2232807914110642e-06,
                        -9.286560194850236e-08,
                        1.0096006116465305e-06,
                        -4.864537891187653e-06,
                        3.0913993808130263e-07
                    ],
                    [
                        0.6635898330177988,
                        1.8014648603893342,
                        -1.356871126225854,
                        -4.864537891187652e-06,
                        4.36654020956012,
                        -0.18994426721696178
                    ],
                    [
                        -0.5896483072328658,
                        0.13080512582374237,
                        -0.6327231679905709,
                        3.0913993808130337e-07,
                        -0.18994426721696178,
                        1.9281160958637857
                    ]
                ]
            },
            "est_tgt": [
                2,
                3
            ],
            "oracle_est_tgt": [
                2,
                3
            ]
        },
        "4": {
            "intv_type": "do",
            "inode": 4,
            "new_mui": 2.0,
            "new_vari": null,
            "true_params": {
                "Si": [
                    [
                        1.0,
                        0.6366377969478447,
                        0.5511830624966155,
                        1.2430114512039525,
                        0.0,
                        -1.0667589568436573
                    ],
                    [
                        0.6366377969478447,
                        1.4053076845026051,
                        -0.201411143216213,
                        0.5016570421029376,
                        0.0,
                        0.7948874899084282
                    ],
                    [
                        0.5511830624966155,
                        -0.201411143216213,
                        1.6088547533581625,
                        1.369630765603131,
                        0.0,
                        -2.327955124451636
                    ],
                    [
                        1.2430114512039525,
                        0.5016570421029376,
                        1.369630765603131,
                        2.904101939171146,
                        0.0,
                        -2.8990669700593887
                    ],
                    [
                        0.0,
                        0.0,
                        0.0,
                        0.0,
                        1e-09,
                        -5.414229439086346e-10
                    ],
                    [
                        -1.0667589568436573,
                        0.7948874899084282,
                        -2.327955124451636,
                        -2.8990669700593887,
                        -5.414229439086346e-10,
                        5.604119455782434
                    ]
                ],
                "mui": [
                    0.0,
                    0.0,
                    0.0,
                    0.0,
                    2.0,
                    -1.082845887817269
                ],
                "Ai": [
                    [
                        0.0,
                        0.0,
                        0.0,
                        0.0,
                        0.0,
                        0.0
                    ],
                    [
                        0.6366377969478447,
                        0.0,
                        0.0,
                        0.0,
                        0.0,
                        0.0
                    ],
                    [
                        0.9028077397920902,
                        -0.5523151138390245,
                        0.0,
                        0.0,
                        0.0,
                        0.0
                    ],
                    [
                        0.9539141859526943,
                        -0.0,
                        0.524503173123237,
                        0.0,
                        0.0,
                        0.0
                    ],
                    [
                        0.0,
                        0.0,
                        0.0,
                        0.0,
                        0.0,
                        0.0
                    ],
                    [
                        -0.5393035676669831,
                        0.9626664383923367,
                        -0.5794400621635469,
                        -0.6604506184707433,
                        -0.5414229439086345,
                        0.0
                    ]
                ]
            },
            "est_params": {
                "mui": [
                    -0.019987095923660967,
                    -0.020316200179727094,
                    -0.012117149085730932,
                    -0.038391531762838896,
                    1.9999993992550573,
                    -1.0902992784634302
                ],
                "Si": [
                    [
                        0.9859561716702806,
                        0.6729647422472315,
                        0.5083454879680726,
                        1.201228746891835,
                        -6.15592445812074e-07,
                        -0.9870382546018767
                    ],
                    [
                        0.6729647422472316,
                        1.471680577648737,
                        -0.2035644109394303,
                        0.5378331804622418,
                        3.258881861859414e-07,
                        0.7797298761439504
                    ],
                    [
                        0.5083454879680727,
                        -0.20356441093943028,
                        1.5712620282964616,
                        1.3148864866474776,
                        -1.1949384968715694e-07,
                        -2.2570333173191983
                    ],
                    [
                        1.201228746891835,
                        0.5378331804622418,
                        1.3148864866474779,
                        2.8153852726657624,
                        -2.8818139200817794e-07,
                        -2.7442535573976494
                    ],
                    [
                        -6.155924458120739e-07,
                        3.258881861859408e-07,
                        -1.1949384968715702e-07,
                        -2.881813920081783e-07,
                        1.0068015666307386e-06,
                        1.5748134693538251e-06
                    ],
                    [
                        -0.9870382546018767,
                        0.7797298761439504,
                        -2.2570333173191983,
                        -2.7442535573976494,
                        1.5748134693538251e-06,
                        5.383834133265801
                    ]
                ]
            },
            "est_tgt": [
                4,
                5
            ],
            "oracle_est_tgt": [
                4
            ]
        },
        "5": {
            "intv_type": "do",
            "inode": 5,
            "new_mui": 2.0,
            "new_vari": null,
            "true_params": {
                "Si": [
                    [
                        1.0,
                        0.6366377969478447,
                        0.5511830624966155,
                        1.2430114512039525,
                        0.6588549289303212,
                        0.0
                    ],
                    [
                        0.6366377969478447,
                        1.4053076845026051,
                        -0.201411143216213,
                        0.5016570421029376,
                        1.798803508654101,
                        0.0
                    ],
                    [
                        0.5511830624966155,
                        -0.201411143216213,
                        1.6088547533581625,
                        1.369630765603131,
                        -1.3696204940468883,
                        0.0
                    ],
                    [
                        1.2430114512039525,
                        0.5016570421029376,
                        1.369630765603131,
                        2.904101939171146,
                        -0.08987923191072089,
                        0.0
                    ],
                    [
                        0.6588549289303212,
                        1.798803508654101,
                        -1.3696204940468883,
                        -0.08987923191072089,
                        4.279412319546891,
                        0.0
                    ],
                    [
                        0.0,
                        0.0,
                        0.0,
                        0.0,
                        0.0,
                        1e-09
                    ]
                ],
                "mui": [
                    0.0,
                    0.0,
                    0.0,
                    0.0,
                    0.0,
                    2.0
                ],
                "Ai": [
                    [
                        0.0,
                        0.0,
                        0.0,
                        0.0,
                        0.0,
                        0.0
                    ],
                    [
                        0.6366377969478447,
                        0.0,
                        0.0,
                        0.0,
                        0.0,
                        0.0
                    ],
                    [
                        0.9028077397920902,
                        -0.5523151138390245,
                        0.0,
                        0.0,
                        0.0,
                        0.0
                    ],
                    [
                        0.9539141859526943,
                        -0.0,
                        0.524503173123237,
                        0.0,
                        0.0,
                        0.0
                    ],
                    [
                        0.6572738329799834,
                        0.8430903344588657,
                        -0.9709334586290232,
                        0.0,
                        0.0,
                        0.0
                    ],
                    [
                        0.0,
                        0.0,
                        0.0,
                        0.0,
                        0.0,
                        0.0
                    ]
                ]
            },
            "est_params": {
                "mui": [
                    0.024497030638618664,
                    -0.01608963645394281,
                    0.025516418959838687,
                    0.03507951176208813,
                    -0.037668446937892744,
                    2.0000003801485686
                ],
                "Si": [
                    [
                        0.9808582611256575,
                        0.6067126385625825,
                        0.5598292006379899,
                        1.2072203713990473,
                        0.6277703780839305,
                        -5.979984089746491e-07
                    ],
                    [
                        0.6067126385625825,
                        1.387633167307294,
                        -0.18580534600626877,
                        0.47093744059002834,
                        1.7748266443540615,
                        -1.5289592891989603e-06
                    ],
                    [
                        0.5598292006379899,
                        -0.1858053460062688,
                        1.612699239769928,
                        1.360978880546383,
                        -1.3413212850796365,
                        -3.086364637058472e-07
                    ],
                    [
                        1.2072203713990473,
                        0.47093744059002834,
                        1.360978880546383,
                        2.8353511970228267,
                        -0.0740342965743348,
                        -1.1058690753020748e-07
                    ],
                    [
                        0.6277703780839305,
                        1.7748266443540615,
                        -1.3413212850796365,
                        -0.0740342965743348,
                        4.1619065845158705,
                        -1.216819489376411e-06
                    ],
                    [
                        -5.979984089746491e-07,
                        -1.5289592891989603e-06,
                        -3.086364637058469e-07,
                        -1.105869075302078e-07,
                        -1.2168194893764113e-06,
                        1.0037000565164131e-06
                    ]
                ]
            },
            "est_tgt": [
                4,
                5
            ],
            "oracle_est_tgt": [
                5
            ]
        },
        "obs": {
            "intv_type": "obs",
            "true_params": {
                "Si": [
                    [
                        1.0,
                        0.6366377969478447,
                        0.5511830624966155,
                        1.2430114512039525,
                        0.6588549289303212,
                        -1.423478132073826
                    ],
                    [
                        0.6366377969478447,
                        1.4053076845026051,
                        -0.201411143216213,
                        0.5016570421029376,
                        1.798803508654101,
                        -0.17902600126025614
                    ],
                    [
                        0.5511830624966155,
                        -0.201411143216213,
                        1.6088547533581625,
                        1.369630765603131,
                        -1.3696204940468883,
                        -1.5864111645271715
                    ],
                    [
                        1.2430114512039525,
                        0.5016570421029376,
                        1.369630765603131,
                        2.904101939171146,
                        -0.08987923191072089,
                        -2.8504042917220396
                    ],
                    [
                        0.6588549289303212,
                        1.798803508654101,
                        -1.3696204940468883,
                        -0.08987923191072089,
                        4.279412319546891,
                        -0.08767328443726474
                    ],
                    [
                        -1.423478132073826,
                        -0.17902600126025614,
                        -1.5864111645271715,
                        -2.8504042917220396,
                        -0.08767328443726474,
                        4.444594301022729
                    ]
                ],
                "mui": [
                    0.0,
                    0.0,
                    0.0,
                    0.0,
                    0.0,
                    0.0
                ],
                "Ai": [
                    [
                        0.0,
                        0.0,
                        0.0,
