{
    "expt_args": {
        "save_dir": "all_expt_logs/expt_logs_11.05.24-mean_shift-corr",
        "exp_name": "464",
        "num_nodes": 6,
        "obs_noise_mean": 0.0,
        "obs_noise_var": 1.0,
        "max_edge_strength": 1.0,
        "graph_sparsity_method": "adj_dense_prop",
        "adj_dense_prop": 0.8,
        "num_parents": null,
        "new_noise_mean": 0.5,
        "mix_samples": 1024,
        "stage2_samples": 1024,
        "gmm_tol": 0.001,
        "intv_type": "do",
        "new_noise_var": null,
        "intv_targets": [
            0,
            1,
            2,
            3,
            4,
            5
        ]
    },
    "intv_args_dict": {
        "0": {
            "intv_type": "do",
            "inode": 0,
            "new_mui": 0.5,
            "new_vari": null,
            "true_params": {
                "Si": [
                    [
                        1e-09,
                        -9.198164572770322e-10,
                        -1.6423089481548415e-10,
                        -6.554973930191213e-10,
                        -1.19259317111763e-09,
                        2.8519171955869126e-09
                    ],
                    [
                        -9.198164572770322e-10,
                        1.0000000008460623,
                        0.8081123768192133,
                        0.2615122978960996,
                        1.0659283160519992,
                        -1.0200387975703153
                    ],
                    [
                        -1.6423089481548415e-10,
                        0.8081123768192133,
                        1.6530456133512195,
                        -0.5052382190674506,
                        1.496772966527236,
                        0.14845894002817261
                    ],
                    [
                        -6.554973930191213e-10,
                        0.2615122978960996,
                        -0.5052382190674506,
                        1.5818605924054356,
                        -0.1765428162941302,
                        -1.7181353193747269
                    ],
                    [
                        -1.19259317111763e-09,
                        1.0659283160519992,
                        1.496772966527236,
                        -0.1765428162941302,
                        2.5399148608290703,
                        -1.2387160786669258
                    ],
                    [
                        2.8519171955869126e-09,
                        -1.0200387975703153,
                        0.14845894002817261,
                        -1.7181353193747269,
                        -1.2387160786669258,
                        4.147902687975932
                    ]
                ],
                "mui": [
                    0.5,
                    -0.4599082286385161,
                    -0.08211544740774207,
                    -0.3277486965095606,
                    -0.5962965855588149,
                    1.4259585977934561
                ],
                "Ai": [
                    [
                        0.0,
                        0.0,
                        0.0,
                        0.0,
                        0.0,
                        0.0
                    ],
                    [
                        -0.9198164572770322,
                        0.0,
                        0.0,
                        0.0,
                        0.0,
                        0.0
                    ],
                    [
                        0.5790841685731372,
                        0.8081123766681511,
                        0.0,
                        0.0,
                        0.0,
                        0.0
                    ],
                    [
                        -0.0,
                        0.8405810139519856,
                        -0.716569543268629,
                        0.0,
                        0.0,
                        0.0
                    ],
                    [
                        -0.5800750603087709,
                        0.5524673659998374,
                        0.6353831023751865,
                        0.0,
                        0.0,
                        0.0
                    ],
                    [
                        0.9039845892300327,
                        -0.7469405154117763,
                        0.9211670437496302,
                        -0.7543289177925747,
                        -0.7695062311917183,
                        0.0
                    ]
                ]
            },
            "est_params": {
                "mui": [
                    0.500019914771511,
                    -0.34353501340841774,
                    -0.03936518088954917,
                    -0.35297110670124837,
                    -0.5497788894133564,
                    1.2407153064882919
                ],
                "Si": [
                    [
                        1.0340760006868545e-06,
                        -4.90881241397391e-06,
                        1.6154617904646193e-05,
                        -1.6774228995191837e-05,
                        1.719746115647016e-05,
                        1.910985238097964e-05
                    ],
                    [
                        -4.90881241397391e-06,
                        1.0010868759660647,
                        0.7962991758103394,
                        0.2703096080346344,
                        1.0652833247277764,
                        -1.009008074615648
                    ],
                    [
                        1.615461790464619e-05,
                        0.7962991758103394,
                        1.680515326690933,
                        -0.4986496385103193,
                        1.5826015294116165,
                        0.1946301080759869
                    ],
                    [
                        -1.6774228995191833e-05,
                        0.2703096080346344,
                        -0.49864963851031935,
                        1.6314557618733547,
                        -0.3703303569350386,
                        -1.6712810803133396
                    ],
                    [
                        1.719746115647016e-05,
                        1.0652833247277764,
                        1.5826015294116165,
                        -0.37033035693503863,
                        2.588405330748368,
                        -0.927959627383317
                    ],
                    [
                        1.9109852380979638e-05,
                        -1.009008074615648,
                        0.19463010807598694,
                        -1.6712810803133398,
                        -0.927959627383317,
                        3.893220358050826
                    ]
                ]
            },
            "est_tgt": [
                0,
                5
            ],
            "oracle_est_tgt": [
                0,
                5
            ]
        },
        "1": {
            "intv_type": "do",
            "inode": 1,
            "new_mui": 0.5,
            "new_vari": null,
            "true_params": {
                "Si": [
                    [
                        1.0,
                        0.0,
                        0.5790841685731372,
                        -0.4149540781885466,
                        -0.21213476474441553,
                        1.9136687249335609
                    ],
                    [
                        0.0,
                        1e-09,
                        8.081123766681511e-10,
                        2.615122972931623e-10,
                        1.0659283149550325e-09,
                        -1.0200387949470752e-09
                    ],
                    [
                        0.5790841685731372,
                        8.081123766681511e-10,
                        1.3353384749450872,
                        -0.9568628804211448,
                        0.5125392193690984,
                        2.080940177053204
                    ],
                    [
                        -0.4149540781885466,
                        2.615122972931623e-10,
                        -0.9568628804211448,
                        1.6856587974139066,
                        -0.3672699934345754,
                        -2.2454672708903542
                    ],
                    [
                        -0.21213476474441553,
                        1.0659283149550325e-09,
                        0.5125392193690984,
                        -0.3672699934345754,
                        1.4487128463332883,
                        -0.5573835072288661
                    ],
                    [
                        1.9136687249335609,
                        -1.0200387949470752e-09,
                        2.080940177053204,
                        -2.2454672708903542,
                        -0.5573835072288661,
                        6.769551526474738
                    ]
                ],
                "mui": [
                    0.0,
                    0.5,
                    0.40405618833407553,
                    0.13075614864658114,
                    0.5329641574775162,
                    -0.5100193974735375
                ],
                "Ai": [
                    [
                        0.0,
                        0.0,
                        0.0,
                        0.0,
                        0.0,
                        0.0
                    ],
                    [
                        0.0,
                        0.0,
                        0.0,
                        0.0,
                        0.0,
                        0.0
                    ],
                    [
                        0.5790841685731372,
                        0.8081123766681511,
                        0.0,
                        0.0,
                        0.0,
                        0.0
                    ],
                    [
                        -0.0,
                        0.8405810139519856,
                        -0.716569543268629,
                        0.0,
                        0.0,
                        0.0
                    ],
                    [
                        -0.5800750603087709,
                        0.5524673659998374,
                        0.6353831023751865,
                        0.0,
                        0.0,
                        0.0
                    ],
                    [
                        0.9039845892300327,
                        -0.7469405154117763,
                        0.9211670437496302,
                        -0.7543289177925747,
                        -0.7695062311917183,
                        0.0
                    ]
                ]
            },
            "est_params": {
                "mui": [
                    -0.059350305020047026,
                    0.5000051598233936,
                    0.25732175760219983,
                    0.2288134987816708,
                    0.41671683474191373,
                    -0.6021094491725918
                ],
                "Si": [
                    [
                        0.935900347162382,
                        -1.0196650743165605e-05,
                        0.49495060964583787,
                        -0.279823714417323,
                        -0.21326306634792605,
                        1.6178593929270255
                    ],
                    [
                        -1.0196650743165605e-05,
                        1.0103266252792212e-06,
                        -1.3187843483589103e-06,
                        -2.869275050614265e-06,
                        3.0278556277573897e-06,
                        -1.9054504457202733e-05
                    ],
                    [
                        0.49495060964583787,
                        -1.3187843483589094e-06,
                        1.111365981446163,
                        -0.7291773128863714,
                        0.42478507533573,
                        1.600586351973023
                    ],
                    [
                        -0.279823714417323,
                        -2.869275050614265e-06,
                        -0.7291773128863714,
                        1.2565888849251097,
                        -0.44048698493487265,
                        -1.5300930105426924
                    ],
                    [
                        -0.21326306634792605,
                        3.0278556277573905e-06,
                        0.42478507533573,
                        -0.44048698493487265,
                        1.6146827416994693,
                        -0.7999651655440426
                    ],
                    [
                        1.6178593929270255,
                        -1.9054504457202733e-05,
                        1.600586351973023,
                        -1.5300930105426924,
                        -0.7999651655440425,
                        5.403061974485066
                    ]
                ]
            },
            "est_tgt": [
                1,
                5
            ],
            "oracle_est_tgt": [
                0,
                1,
                3
            ]
        },
        "2": {
            "intv_type": "do",
            "inode": 2,
            "new_mui": 0.5,
            "new_vari": null,
            "true_params": {
                "Si": [
                    [
                        1.0,
                        -0.9198164572770322,
                        0.0,
                        -0.7731802503076509,
                        -1.0882436356639147,
                        3.011675248084048
                    ],
                    [
                        -0.9198164572770322,
                        1.8460623150776705,
                        0.0,
                        1.5517649326265381,
                        1.5534517716104967,
                        -4.576330619811709
                    ],
                    [
                        0.0,
                        0.0,
                        1e-09,
                        -7.165695432686291e-10,
                        6.353831023751866e-10,
                        9.727649153749431e-10
                    ],
                    [
                        -0.7731802503076509,
                        1.5517649326265381,
                        -7.165695432686291e-10,
                        2.304384140995822,
                        1.3058020648505635,
                        -4.601105551070473
                    ],
                    [
                        -1.0882436356639147,
                        1.5534517716104967,
                        6.353831023751866e-10,
                        1.3058020648505635,
                        2.489494401461525,
                        -5.044777255208205
                    ],
                    [
                        3.011675248084048,
                        -4.576330619811709,
                        9.727649153749431e-10,
                        -4.601105551070473,
                        -5.044777255208205,
                        14.493489268631812
                    ]
                ],
                "mui": [
                    0.0,
                    0.0,
                    0.5,
                    -0.3582847716343145,
                    0.31769155118759324,
                    0.48638245768747157
                ],
                "Ai": [
                    [
                        0.0,
                        0.0,
                        0.0,
                        0.0,
                        0.0,
                        0.0
                    ],
                    [
                        -0.9198164572770322,
                        0.0,
                        0.0,
                        0.0,
                        0.0,
                        0.0
                    ],
                    [
                        0.0,
                        0.0,
                        0.0,
                        0.0,
                        0.0,
                        0.0
                    ],
                    [
                        -0.0,
                        0.8405810139519856,
                        -0.716569543268629,
                        0.0,
                        0.0,
                        0.0
                    ],
                    [
                        -0.5800750603087709,
                        0.5524673659998374,
                        0.6353831023751865,
                        0.0,
                        0.0,
                        0.0
                    ],
                    [
                        0.9039845892300327,
                        -0.7469405154117763,
                        0.9211670437496302,
                        -0.7543289177925747,
                        -0.7695062311917183,
                        0.0
                    ]
                ]
            },
            "est_params": {
                "mui": [
                    0.8992513339894179,
                    -0.9307260071475659,
                    -0.062481571180229345,
                    -1.0081639079198472,
                    -1.1729467845378228,
                    3.256566688773678
                ],
                "Si": [
                    [
                        0.6559164973008131,
                        -0.4687573920241365,
                        0.1391577356643237,
                        -0.10808874673919384,
                        -0.42079585631814476,
                        1.3655279585523519
                    ],
                    [
                        -0.4687573920241365,
                        1.0453172456193358,
                        0.1373660265310526,
                        0.7227731949412443,
                        0.8428421760422018,
                        -2.247297062610557
                    ],
                    [
                        0.1391577356643237,
                        0.1373660265310526,
                        0.7619295856626552,
                        -0.3060358812484742,
                        0.7986472110003054,
                        0.1653901582384295
                    ],
                    [
                        -0.10808874673919384,
                        0.7227731949412441,
                        -0.3060358812484742,
                        1.7318774350328519,
                        -0.07331791357275891,
                        -1.9862357337872933
                    ],
                    [
                        -0.42079585631814476,
                        0.8428421760422018,
                        0.7986472110003054,
                        -0.07331791357275891,
                        2.244736931408486,
                        -2.1471124560058668
                    ],
                    [
                        1.3655279585523519,
                        -2.247297062610557,
                        0.1653901582384295,
                        -1.9862357337872933,
                        -2.1471124560058668,
                        6.5472998488210745
                    ]
                ]
            },
            "est_tgt": [
                0,
                1,
                2,
                5
            ],
            "oracle_est_tgt": [
                2
            ]
        },
        "3": {
            "intv_type": "do",
            "inode": 3,
            "new_mui": 0.5,
            "new_vari": null,
            "true_params": {
                "Si": [
                    [
                        1.0,
                        -0.9198164572770322,
                        -0.16423089481548414,
                        0.0,
                        -1.1925931711176299,
                        2.3574565564949443
                    ],
                    [
                        -0.9198164572770322,
                        1.8460623150776705,
                        0.9591746565127666,
                        0.0,
                        2.162895140585232,
                        -2.9911998447201653
                    ],
                    [
                        -0.16423089481548414,
                        0.9591746565127666,
                        1.6800174001361423,
                        0.0,
                        1.6926336099748593,
                        -0.6198240583630528
                    ],
                    [
                        0.0,
                        0.0,
                        0.0,
                        1e-09,
                        0.0,
                        -7.543289177925747e-10
                    ],
                    [
                        -1.1925931711176299,
                        2.162895140585232,
                        1.6926336099748593,
                        0.0,
                        3.962193331203196,
                        -4.183374017896997
                    ],
                    [
                        2.3574565564949443,
                        -2.9911998447201653,
                        -0.6198240583630528,
                        -7.543289177925747e-10,
                        -4.183374017896997,
                        8.013523629824729
                    ]
                ],
                "mui": [
                    0.0,
                    0.0,
                    0.0,
                    0.5,
                    0.0,
                    -0.37716445889628736
                ],
                "Ai": [
                    [
                        0.0,
                        0.0,
                        0.0,
                        0.0,
                        0.0,
                        0.0
                    ],
                    [
                        -0.9198164572770322,
                        0.0,
                        0.0,
                        0.0,
                        0.0,
                        0.0
                    ],
                    [
                        0.5790841685731372,
                        0.8081123766681511,
                        0.0,
                        0.0,
                        0.0,
                        0.0
                    ],
                    [
                        0.0,
                        0.0,
                        0.0,
                        0.0,
                        0.0,
                        0.0
                    ],
                    [
                        -0.5800750603087709,
                        0.5524673659998374,
                        0.6353831023751865,
                        0.0,
                        0.0,
                        0.0
                    ],
                    [
                        0.9039845892300327,
                        -0.7469405154117763,
                        0.9211670437496302,
                        -0.7543289177925747,
                        -0.7695062311917183,
                        0.0
                    ]
                ]
            },
            "est_params": {
                "mui": [
                    0.06889923106080692,
                    -0.011509436226569417,
                    -0.16878269826121067,
                    0.49999204945358977,
                    -0.23128462947584236,
                    -0.21388178780661243
                ],
                "Si": [
                    [
                        1.0719408141409075,
                        -1.0927860213270468,
                        -0.37489738120694843,
                        -5.564874609080917e-07,
                        -1.5247819905208388,
                        2.5905226268233172
                    ],
                    [
                        -1.0927860213270468,
                        2.2453800981174497,
                        1.2872730684439455,
                        -1.843855740361367e-07,
                        2.557635801908577,
                        -3.4716103813540324
                    ],
                    [
                        -0.37489738120694843,
                        1.2872730684439455,
                        1.9624002470081665,
                        -2.4444612394213186e-06,
                        2.2003764347023496,
                        -1.3542506685254756
                    ],
                    [
                        -5.564874609080917e-07,
                        -1.8438557403613745e-07,
                        -2.4444612394213177e-06,
                        1.0060910428090373e-06,
                        7.894813209413572e-06,
                        5.838293362691019e-06
                    ],
                    [
                        -1.5247819905208388,
                        2.557635801908577,
                        2.2003764347023496,
                        7.894813209413572e-06,
                        4.61079885623476,
                        -5.053393115615745
                    ],
                    [
                        2.5905226268233172,
                        -3.471610381354032,
                        -1.3542506685254756,
                        5.838293362691017e-06,
                        -5.053393115615745,
                        8.440333154351492
                    ]
                ]
            },
            "est_tgt": [
                3
            ],
            "oracle_est_tgt": [
                3
            ]
        },
        "4": {
            "intv_type": "do",
            "inode": 4,
            "new_mui": 0.5,
            "new_vari": null,
            "true_params": {
                "Si": [
                    [
                        1.0,
                        -0.9198164572770322,
                        -0.16423089481548414,
                        -0.6554973930191212,
                        0.0,
                        1.9342093191352048
                    ],
                    [
                        -0.9198164572770322,
                        1.8460623150776705,
                        0.9591746565127666,
                        0.8644495870943408,
                        0.0,
                        -1.978917878144654
                    ],
                    [
                        -0.16423089481548414,
                        0.9591746565127666,
                        1.6800174001361423,
                        -0.3975852957703562,
                        0.0,
                        0.9825781375258278
                    ],
                    [
                        -0.6554973930191212,
                        0.8644495870943408,
                        -0.3975852957703562,
                        2.011537424230623,
                        0.0,
                        -3.121855281563742
                    ],
                    [
                        0.0,
                        0.0,
                        0.0,
                        0.0,
                        1e-09,
                        -7.695062311917184e-10
                    ],
                    [
                        1.9342093191352048,
                        -1.978917878144654,
                        0.9825781375258278,
                        -3.121855281563742,
                        -7.695062311917184e-10,
                        7.48665367153912
                    ]
                ],
                "mui": [
                    0.0,
                    0.0,
                    0.0,
                    0.0,
                    0.5,
                    -0.3847531155958592
                ],
                "Ai": [
                    [
                        0.0,
                        0.0,
                        0.0,
                        0.0,
                        0.0,
                        0.0
                    ],
                    [
                        -0.9198164572770322,
                        0.0,
                        0.0,
                        0.0,
                        0.0,
                        0.0
                    ],
                    [
                        0.5790841685731372,
                        0.8081123766681511,
                        0.0,
                        0.0,
                        0.0,
                        0.0
                    ],
                    [
                        -0.0,
                        0.8405810139519856,
                        -0.716569543268629,
                        0.0,
                        0.0,
                        0.0
                    ],
                    [
                        0.0,
                        0.0,
                        0.0,
                        0.0,
                        0.0,
                        0.0
                    ],
                    [
                        0.9039845892300327,
                        -0.7469405154117763,
                        0.9211670437496302,
                        -0.7543289177925747,
                        -0.7695062311917183,
                        0.0
                    ]
                ]
            },
            "est_params": {
                "mui": [
                    -0.06621405117754336,
                    0.11181470127005669,
                    0.11283741249138105,
                    -0.12265808703145555,
                    0.5000010702556649,
                    -0.35877547718706204
                ],
                "Si": [
                    [
                        0.8394907968893742,
                        -0.6735408649360352,
                        -0.0892731123142707,
                        -0.4071316508027511,
                        6.474849505090828e-06,
                        1.5040223719350334
                    ],
                    [
                        -0.6735408649360353,
                        1.687443995260945,
                        0.9077525081468317,
                        0.7827360782891667,
                        -6.488153253256315e-06,
                        -1.6358643837430638
                    ],
                    [
                        -0.08927311231427072,
                        0.9077525081468317,
                        1.7511637203154244,
                        -0.40735611998150084,
                        -6.722739226984708e-07,
                        1.2129685719230894
                    ],
                    [
                        -0.4071316508027511,
                        0.7827360782891667,
                        -0.40735611998150084,
                        1.8804503785611506,
                        -7.900882132218557e-06,
                        -2.766501231356087
                    ],
                    [
                        6.474849505090827e-06,
                        -6.488153253256316e-06,
                        -6.72273922698472e-07,
                        -7.900882132218557e-06,
                        1.005991555244831e-06,
                        1.5488996304991447e-05
                    ],
                    [
                        1.5040223719350332,
                        -1.6358643837430638,
                        1.2129685719230894,
                        -2.766501231356087,
                        1.548899630499145e-05,
                        6.980707755983054
                    ]
                ]
            },
            "est_tgt": [
                4
            ],
            "oracle_est_tgt": [
                0,
                1,
                4
            ]
        },
        "5": {
            "intv_type": "do",
            "inode": 5,
            "new_mui": 0.5,
            "new_vari": null,
            "true_params": {
                "Si": [
                    [
                        1.0,
                        -0.9198164572770322,
                        -0.16423089481548414,
                        -0.6554973930191212,
                        -1.1925931711176299,
                        0.0
                    ],
                    [
                        -0.9198164572770322,
                        1.8460623150776705,
                        0.9591746565127666,
                        0.8644495870943408,
                        2.162895140585232,
                        0.0
                    ],
                    [
                        -0.16423089481548414,
                        0.9591746565127666,
                        1.6800174001361423,
                        -0.3975852957703562,
                        1.6926336099748593,
                        0.0
                    ],
                    [
                        -0.6554973930191212,
                        0.8644495870943408,
                        -0.3975852957703562,
                        2.011537424230623,
                        0.6051988975241412,
                        0.0
                    ],
                    [
                        -1.1925931711176299,
                        2.162895140585232,
                        1.6926336099748593,
                        0.6051988975241412,
                        3.962193331203196,
                        0.0
                    ],
                    [
                        0.0,
                        0.0,
                        0.0,
                        0.0,
                        0.0,
                        1e-09
                    ]
                ],
                "mui": [
                    0.0,
                    0.0,
                    0.0,
                    0.0,
                    0.0,
                    0.5
                ],
                "Ai": [
                    [
                        0.0,
                        0.0,
                        0.0,
                        0.0,
                        0.0,
                        0.0
                    ],
                    [
                        -0.9198164572770322,
                        0.0,
                        0.0,
                        0.0,
                        0.0,
                        0.0
                    ],
                    [
                        0.5790841685731372,
                        0.8081123766681511,
                        0.0,
                        0.0,
                        0.0,
                        0.0
                    ],
                    [
                        -0.0,
                        0.8405810139519856,
                        -0.716569543268629,
                        0.0,
                        0.0,
                        0.0
                    ],
                    [
                        -0.5800750603087709,
                        0.5524673659998374,
                        0.6353831023751865,
                        0.0,
                        0.0,
                        0.0
                    ],
                    [
                        0.0,
                        0.0,
                        0.0,
                        0.0,
                        0.0,
                        0.0
                    ]
                ]
            },
            "est_params": {
                "mui": [
                    0.08674620664805442,
                    -0.09860789884061409,
                    0.06323077553585962,
                    -0.11650127267844919,
                    -0.1375598523793207,
                    0.4999948435724958
                ],
                "Si": [
                    [
                        1.0546042418553325,
                        -1.046642142097702,
                        -0.19665159469369262,
                        -0.8218700959643016,
                        -1.2659343962262912,
                        1.3872429100036253e-06
                    ],
                    [
                        -1.046642142097702,
                        2.0618380775526433,
                        0.9575965364913064,
                        1.151572071915678,
                        2.3155691049028135,
                        -8.644252804573893e-07
                    ],
                    [
                        -0.19665159469369262,
                        0.9575965364913064,
                        1.5244718384958227,
                        -0.2817655731702849,
                        1.6409546922380487,
                        -1.0143568655958874e-06
                    ],
                    [
                        -0.8218700959643015,
                        1.151572071915678,
                        -0.2817655731702849,
                        2.2396303403470186,
                        1.025722047896076,
                        -4.552244265733279e-06
                    ],
                    [
                        -1.265934396226291,
                        2.3155691049028135,
                        1.6409546922380487,
                        1.025722047896076,
                        4.0065310709473145,
                        -4.7001881837289834e-07
                    ],
                    [
                        1.3872429100036264e-06,
                        -8.644252804573889e-07,
                        -1.0143568655958871e-06,
                        -4.552244265733279e-06,
                        -4.7001881837289834e-07,
                        1.0010051189300047e-06
                    ]
                ]
            },
            "est_tgt": [
                0,
                1,
                3,
                4,
                5
            ],
            "oracle_est_tgt": [
                0,
                1,
                3,
                4,
                5
            ]
        },
        "obs": {
            "intv_type": "obs",
            "true_params": {
                "Si": [
                    [
                        1.0,
                        -0.9198164572770322,
                        -0.16423089481548414,
                        -0.6554973930191212,
                        -1.1925931711176299,
                        2.8519171955869123
                    ],
                    [
                        -0.9198164572770322,
                        1.8460623150776705,
                        0.9591746565127666,
                        0.8644495870943408,
                        2.162895140585232,
                        -3.643279166239278
                    ],
                    [
                        -0.16423089481548414,
                        0.9591746565127666,
                        1.6800174001361423,
                        -0.3975852957703562,
                        1.6926336099748593,
                        -0.31991397247435915
                    ],
                    [
                        -0.6554973930191212,
                        0.8644495870943408,
                        -0.3975852957703562,
                        2.011537424230623,
                        0.6051988975241412,
                        -3.587559604318927
                    ],
                    [
                        -1.1925931711176299,
                        2.162895140585232,
                        1.6926336099748593,
                        0.6051988975241412,
                        3.962193331203196,
                        -4.639893047315642
                    ],
                    [
                        2.8519171955869123,
                        -3.643279166239278,
                        -0.31991397247435915,
                        -3.587559604318927,
                        -4.639893047315642,
                        12.28133437032682
                    ]
                ],
                "mui": [
                    0.0,
                    0.0,
                    0.0,
                    0.0,
                    0.0,
                    0.0
                ],
                "Ai": [
