{
    "expt_args": {
        "save_dir": "all_expt_logs/expt_logs_11.05.24-mean_shift-corr",
        "exp_name": "267",
        "num_nodes": 6,
        "obs_noise_mean": 0.0,
        "obs_noise_var": 1.0,
        "max_edge_strength": 1.0,
        "graph_sparsity_method": "adj_dense_prop",
        "adj_dense_prop": 0.8,
        "num_parents": null,
        "new_noise_mean": 4.0,
        "mix_samples": 8192,
        "stage2_samples": 8192,
        "gmm_tol": 0.001,
        "intv_type": "do",
        "new_noise_var": null,
        "intv_targets": [
            0,
            1,
            2,
            3,
            4,
            5
        ]
    },
    "intv_args_dict": {
        "0": {
            "intv_type": "do",
            "inode": 0,
            "new_mui": 4.0,
            "new_vari": null,
            "true_params": {
                "Si": [
                    [
                        1e-09,
                        0.0,
                        9.037009990652164e-10,
                        5.983740318558307e-11,
                        -1.7295903685048903e-09,
                        -1.7433160627847324e-10
                    ],
                    [
                        0.0,
                        1.0,
                        0.0,
                        -0.6384420294109721,
                        -0.19494275128983896,
                        -0.0298593053465577
                    ],
                    [
                        9.037009990652164e-10,
                        0.0,
                        1.0000000008166754,
                        0.7813355281503899,
                        -1.3553568568426075,
                        -0.15492369487885635
                    ],
                    [
                        5.983740318558307e-11,
                        -0.6384420294109721,
                        0.7813355281503899,
                        2.018093432387528,
                        -1.604226903622453,
                        -0.9788427317300822
                    ],
                    [
                        -1.7295903685048903e-09,
                        -0.19494275128983896,
                        -1.3553568568426075,
                        -1.604226903622453,
                        3.3234904094679956,
                        0.8030283931607358
                    ],
                    [
                        -1.7433160627847324e-10,
                        -0.0298593053465577,
                        -0.15492369487885635,
                        -0.9788427317300822,
                        0.8030283931607358,
                        1.7937742500831688
                    ]
                ],
                "mui": [
                    4.0,
                    0.0,
                    3.6148039962608656,
                    0.23934961274233224,
                    -6.9183614740195605,
                    -0.6973264251138929
                ],
                "Ai": [
                    [
                        0.0,
                        0.0,
                        0.0,
                        0.0,
                        0.0,
                        0.0
                    ],
                    [
                        0.0,
                        0.0,
                        0.0,
                        0.0,
                        0.0,
                        0.0
                    ],
                    [
                        0.9037009990652164,
                        0.0,
                        0.0,
                        0.0,
                        0.0,
                        0.0
                    ],
                    [
                        -0.646256294160205,
                        -0.6384420294109721,
                        0.7813355280963148,
                        0.0,
                        0.0,
                        0.0
                    ],
                    [
                        -0.9375496269123358,
                        -0.6225061557651401,
                        -0.8320979483768107,
                        -0.6696980849925749,
                        0.0,
                        0.0
                    ],
                    [
                        -0.6010024144980484,
                        -0.5896828046069835,
                        0.5301972235223171,
                        -0.8768587803921997,
                        -0.0,
                        0.0
                    ]
                ]
            },
            "est_params": {
                "mui": [
                    4.0000004938974945,
                    -0.032681572788728644,
                    3.6369180505967433,
                    0.3065498573685014,
                    -6.9571846456108695,
                    -0.7338702345204238
                ],
                "Si": [
                    [
                        1.0009915185329669e-06,
                        1.443427346170182e-07,
                        -6.510089478351876e-07,
                        -7.078311007116563e-07,
                        7.190768969289522e-07,
                        6.280134942912131e-07
                    ],
                    [
                        1.443427346170183e-07,
                        0.9795701290616581,
                        0.03446608952515097,
                        -0.6288784802469178,
                        -0.24281293877104784,
                        0.019100511809639665
                    ],
                    [
                        -6.510089478351873e-07,
                        0.03446608952515097,
                        1.0795478837180903,
                        0.8639260058545479,
                        -1.4632400986331136,
                        -0.19875500349777642
                    ],
                    [
                        -7.078311007116564e-07,
                        -0.6288784802469178,
                        0.8639260058545478,
                        2.1428413460058477,
                        -1.722019666937944,
                        -1.0496744791818724
                    ],
                    [
                        7.190768969289529e-07,
                        -0.2428129387710479,
                        -1.4632400986331136,
                        -1.722019666937944,
                        3.418285702713077,
                        0.8611349991028697
                    ],
                    [
                        6.280134942912128e-07,
                        0.01910051180963968,
                        -0.1987550034977765,
                        -1.0496744791818724,
                        0.8611349991028697,
                        1.8208003840925158
                    ]
                ]
            },
            "est_tgt": [
                0,
                5
            ],
            "oracle_est_tgt": [
                0,
                3
            ]
        },
        "1": {
            "intv_type": "do",
            "inode": 1,
            "new_mui": 4.0,
            "new_vari": null,
            "true_params": {
                "Si": [
                    [
                        1.0,
                        0.0,
                        0.9037009990652164,
                        0.05983740318558306,
                        -1.7295903685048901,
                        -0.17433160627847322
                    ],
                    [
                        0.0,
                        1e-09,
                        0.0,
                        -6.384420294109721e-10,
                        -1.9494275128983896e-10,
                        -2.98593053465577e-11
                    ],
                    [
                        0.9037009990652164,
                        0.0,
                        1.8166754957114701,
                        0.8354106491365944,
                        -2.91838939927102,
                        -0.3124673414838129
                    ],
                    [
                        0.05983740318558306,
                        -6.384420294109721e-10,
                        0.8354106491365944,
                        1.6140657226931494,
                        -1.8321807453730707,
                        -1.0083377178157207
                    ],
                    [
                        -1.7295903685048901,
                        -1.9494275128983896e-10,
                        -2.91838939927102,
                        -1.8321807453730707,
                        6.276970573058944,
                        1.098729804874407
                    ],
                    [
                        -0.17433160627847322,
                        -2.98593053465577e-11,
                        -0.3124673414838129,
                        -1.0083377178157207,
                        1.098729804874407,
                        1.8232741808855226
                    ]
                ],
                "mui": [
                    0.0,
                    4.0,
                    0.0,
                    -2.5537681176438882,
                    -0.7797710051593558,
                    -0.1194372213862308
                ],
                "Ai": [
                    [
                        0.0,
                        0.0,
                        0.0,
                        0.0,
                        0.0,
                        0.0
                    ],
                    [
                        0.0,
                        0.0,
                        0.0,
                        0.0,
                        0.0,
                        0.0
                    ],
                    [
                        0.9037009990652164,
                        0.0,
                        0.0,
                        0.0,
                        0.0,
                        0.0
                    ],
                    [
                        -0.646256294160205,
                        -0.6384420294109721,
                        0.7813355280963148,
                        0.0,
                        0.0,
                        0.0
                    ],
                    [
                        -0.9375496269123358,
                        -0.6225061557651401,
                        -0.8320979483768107,
                        -0.6696980849925749,
                        0.0,
                        0.0
                    ],
                    [
                        -0.6010024144980484,
                        -0.5896828046069835,
                        0.5301972235223171,
                        -0.8768587803921997,
                        -0.0,
                        0.0
                    ]
                ]
            },
            "est_params": {
                "mui": [
                    0.007154882247153797,
                    4.000001321796706,
                    0.008956240937689947,
                    -2.556300294193742,
                    -0.8311140621613088,
                    -0.07173636978872994
                ],
                "Si": [
                    [
                        0.9992386176386631,
                        -3.186911842295663e-07,
                        0.8894030147699079,
                        0.09679779332923144,
                        -1.7583520136158082,
                        -0.19743472316264843
                    ],
                    [
                        -3.1869118422956653e-07,
                        1.0009912793772916e-06,
                        -9.057080091754121e-07,
                        -5.826279623157279e-07,
                        2.1477912438150025e-06,
                        -1.7653564535015398e-06
                    ],
                    [
                        0.8894030147699079,
                        -9.057080091754124e-07,
                        1.8018848004649466,
                        0.9247377142630103,
                        -2.998487453169504,
                        -0.3611657729616804
                    ],
                    [
                        0.09679779332923144,
                        -5.82627962315728e-07,
                        0.9247377142630103,
                        1.7289080280188407,
                        -2.0424485443932237,
                        -1.0905743007172266
                    ],
                    [
                        -1.758352013615808,
                        2.147791243815002e-06,
                        -2.9984874531695036,
                        -2.0424485443932237,
                        6.594141095630415,
                        1.2329421172999084
                    ],
                    [
                        -0.19743472316264846,
                        -1.76535645350154e-06,
                        -0.3611657729616804,
                        -1.0905743007172268,
                        1.2329421172999084,
                        1.8657779915093007
                    ]
                ]
            },
            "est_tgt": [
                1
            ],
            "oracle_est_tgt": [
                1,
                2
            ]
        },
        "2": {
            "intv_type": "do",
            "inode": 2,
            "new_mui": 4.0,
            "new_vari": null,
            "true_params": {
                "Si": [
                    [
                        1.0,
                        0.0,
                        0.0,
                        -0.646256294160205,
                        -0.5047530242988483,
                        -0.034326908579948356
                    ],
                    [
                        0.0,
                        1.0,
                        0.0,
                        -0.6384420294109721,
                        -0.19494275128983896,
                        -0.0298593053465577
                    ],
                    [
                        0.0,
                        0.0,
                        1e-09,
                        7.813355280963148e-10,
                        -1.355356855279575e-09,
                        -1.549236947213127e-10
                    ],
                    [
                        -0.646256294160205,
                        -0.6384420294109721,
                        7.813355280963148e-10,
                        1.8252554232705673,
                        -0.21903862134959057,
                        -0.8356113642821353
                    ],
                    [
                        -0.5047530242988483,
                        -0.19494275128983896,
                        -1.355356855279575e-09,
                        -0.21903862134959057,
                        1.741273818699,
                        0.6103781123039782
                    ],
                    [
                        -0.034326908579948356,
                        -0.0298593053465577,
                        -1.549236947213127e-10,
                        -0.8356113642821353,
                        0.6103781123039782,
                        1.7709512355433323
                    ]
                ],
                "mui": [
                    0.0,
                    0.0,
                    4.0,
                    3.125342112385259,
                    -5.4214274211183,
                    -0.6196947788852508
                ],
                "Ai": [
                    [
                        0.0,
                        0.0,
                        0.0,
                        0.0,
                        0.0,
                        0.0
                    ],
                    [
                        0.0,
                        0.0,
                        0.0,
                        0.0,
                        0.0,
                        0.0
                    ],
                    [
                        0.0,
                        0.0,
                        0.0,
                        0.0,
                        0.0,
                        0.0
                    ],
                    [
                        -0.646256294160205,
                        -0.6384420294109721,
                        0.7813355280963148,
                        0.0,
                        0.0,
                        0.0
                    ],
                    [
                        -0.9375496269123358,
                        -0.6225061557651401,
                        -0.8320979483768107,
                        -0.6696980849925749,
                        0.0,
                        0.0
                    ],
                    [
                        -0.6010024144980484,
                        -0.5896828046069835,
                        0.5301972235223171,
                        -0.8768587803921997,
                        -0.0,
                        0.0
                    ]
                ]
            },
            "est_params": {
                "mui": [
                    0.021610407991675924,
                    0.04169649665199699,
                    3.999998819557596,
                    3.0350838071427497,
                    -5.383441271164753,
                    -0.6140693616957472
                ],
                "Si": [
                    [
                        0.8994539939343733,
                        -0.0185761905897723,
                        -3.5422124205174975e-07,
                        -0.5861148872186389,
                        -0.42428150546702503,
                        -0.05727091869648813
                    ],
                    [
                        -0.018576190589772286,
                        0.9798626960660418,
                        -9.056308015999697e-07,
                        -0.6352531731552377,
                        -0.16160895398423608,
                        -0.016214986255091587
                    ],
                    [
                        -3.542212420517498e-07,
                        -9.056308015999696e-07,
                        1.001075712860211e-06,
                        -2.2101736727873904e-07,
                        1.595494016613309e-06,
                        1.0243594534076425e-06
                    ],
                    [
                        -0.5861148872186389,
                        -0.6352531731552377,
                        -2.2101736727873862e-07,
                        1.766669967763348,
                        -0.2740161709721405,
                        -0.7849244839784733
                    ],
                    [
                        -0.42428150546702503,
                        -0.16160895398423614,
                        1.595494016613309e-06,
                        -0.2740161709721405,
                        1.6837340322863519,
                        0.5907284146524725
                    ],
                    [
                        -0.05727091869648814,
                        -0.01621498625509158,
                        1.024359453407643e-06,
                        -0.7849244839784733,
                        0.5907284146524724,
                        1.731023023391447
                    ]
                ]
            },
            "est_tgt": [
                2,
                5
            ],
            "oracle_est_tgt": [
                2,
                3,
                4
            ]
        },
        "3": {
            "intv_type": "do",
            "inode": 3,
            "new_mui": 4.0,
            "new_vari": null,
            "true_params": {
                "Si": [
                    [
                        1.0,
                        0.0,
                        0.9037009990652164,
                        0.0,
                        -1.6895173741805765,
                        -0.12186265389932653
                    ],
                    [
                        0.0,
                        1.0,
                        0.0,
                        0.0,
                        -0.6225061557651401,
                        -0.5896828046069835
                    ],
                    [
                        0.9037009990652164,
                        0.0,
                        1.8166754957114701,
                        0.0,
                        -2.3589164873618387,
                        0.4200698214447571
                    ],
                    [
                        0.0,
                        0.0,
                        0.0,
                        1e-09,
                        -6.696980849925749e-10,
                        -8.768587803921997e-10
                    ],
                    [
                        -1.6895173741805765,
                        -0.6225061557651401,
                        -2.3589164873618387,
                        -6.696980849925749e-10,
                        4.934369867764916,
                        0.13179422550259529
                    ],
                    [
                        -0.12186265389932653,
                        -0.5896828046069835,
                        0.4200698214447571,
                        -8.768587803921997e-10,
                        0.13179422550259529,
                        1.6436854130642002
                    ]
                ],
                "mui": [
                    0.0,
                    0.0,
                    0.0,
                    4.0,
                    -2.6787923399702995,
                    -3.5074351215687987
                ],
                "Ai": [
                    [
                        0.0,
                        0.0,
                        0.0,
                        0.0,
                        0.0,
                        0.0
                    ],
                    [
                        0.0,
                        0.0,
                        0.0,
                        0.0,
                        0.0,
                        0.0
                    ],
                    [
                        0.9037009990652164,
                        0.0,
                        0.0,
                        0.0,
                        0.0,
                        0.0
                    ],
                    [
                        0.0,
                        0.0,
                        0.0,
                        0.0,
                        0.0,
                        0.0
                    ],
                    [
                        -0.9375496269123358,
                        -0.6225061557651401,
                        -0.8320979483768107,
                        -0.6696980849925749,
                        0.0,
                        0.0
                    ],
                    [
                        -0.6010024144980484,
                        -0.5896828046069835,
                        0.5301972235223171,
                        -0.8768587803921997,
                        -0.0,
                        0.0
                    ]
                ]
            },
            "est_params": {
                "mui": [
                    0.01957739658356623,
                    0.025785923756719765,
                    -0.002130055057783743,
                    3.99999825142723,
                    -2.7022315811872666,
                    -3.49763749506918
                ],
                "Si": [
                    [
                        0.9580999591226268,
                        -0.018740593011328636,
                        0.8600858855165645,
                        1.9408937017773876e-06,
                        -1.5744467668829372,
                        -0.03466671585801327
                    ],
                    [
                        -0.018740593011328632,
                        1.002296042764741,
                        -0.03740339381607721,
                        -4.7490303211110307e-07,
                        -0.5584292789230116,
                        -0.588030218679706
                    ],
                    [
                        0.8600858855165645,
                        -0.03740339381607721,
                        1.7344130922217023,
                        1.3357077676172457e-06,
                        -2.2126873254742585,
                        0.5150684075037142
                    ],
                    [
                        1.940893701777387e-06,
                        -4.749030321111036e-07,
                        1.335707767617246e-06,
                        1.0010122769424973e-06,
                        -3.0838776437980187e-06,
                        -2.3578295896702495e-07
                    ],
                    [
                        -1.5744467668829372,
                        -0.5584292789230116,
                        -2.2126873254742585,
                        -3.0838776437980183e-06,
                        4.613186612447819,
                        -0.037831685002587184
                    ],
                    [
                        -0.03466671585801328,
                        -0.588030218679706,
                        0.5150684075037144,
                        -2.357829589670255e-07,
                        -0.03783168500258717,
                        1.5905761532630742
                    ]
                ]
            },
            "est_tgt": [
                3,
                5
            ],
            "oracle_est_tgt": [
                2,
                3,
                4
            ]
        },
        "4": {
            "intv_type": "do",
            "inode": 4,
            "new_mui": 4.0,
            "new_vari": null,
            "true_params": {
                "Si": [
                    [
                        1.0,
                        0.0,
                        0.9037009990652164,
                        0.05983740318558306,
                        0.0,
                        -0.17433160627847322
                    ],
                    [
                        0.0,
                        1.0,
                        0.0,
                        -0.6384420294109721,
                        0.0,
                        -0.0298593053465577
                    ],
                    [
                        0.9037009990652164,
                        0.0,
                        1.8166754957114701,
                        0.8354106491365944,
                        0.0,
                        -0.3124673414838129
                    ],
                    [
                        0.05983740318558306,
                        -0.6384420294109721,
                        0.8354106491365944,
                        2.021673947203942,
                        0.0,
                        -0.9892742823325259
                    ],
                    [
                        0.0,
                        0.0,
                        0.0,
                        0.0,
                        1e-09,
                        0.0
                    ],
                    [
                        -0.17433160627847322,
                        -0.0298593053465577,
                        -0.3124673414838129,
                        -0.9892742823325259,
                        0.0,
                        1.82416575900041
                    ]
                ],
                "mui": [
                    0.0,
                    0.0,
                    0.0,
                    0.0,
                    4.0,
                    0.0
                ],
                "Ai": [
                    [
                        0.0,
                        0.0,
                        0.0,
                        0.0,
                        0.0,
                        0.0
                    ],
                    [
                        0.0,
                        0.0,
                        0.0,
                        0.0,
                        0.0,
                        0.0
                    ],
                    [
                        0.9037009990652164,
                        0.0,
                        0.0,
                        0.0,
                        0.0,
                        0.0
                    ],
                    [
                        -0.646256294160205,
                        -0.6384420294109721,
                        0.7813355280963148,
                        0.0,
                        0.0,
                        0.0
                    ],
                    [
                        0.0,
                        0.0,
                        0.0,
                        0.0,
                        0.0,
                        0.0
                    ],
                    [
                        -0.6010024144980484,
                        -0.5896828046069835,
                        0.5301972235223171,
                        -0.8768587803921997,
                        -0.0,
                        0.0
                    ]
                ]
            },
            "est_params": {
                "mui": [
                    0.04237523011328463,
                    -0.024073530914419654,
                    0.041225927078088205,
                    -0.02048422451741371,
                    4.0000014335053,
                    0.007559362180004738
                ],
                "Si": [
                    [
                        1.0091770921356693,
                        0.03930635232477828,
                        0.9611516389485094,
                        0.12260782883342408,
                        7.170615412459155e-07,
                        -0.1837907458750641
                    ],
                    [
                        0.039306352324778276,
                        1.0206188711994506,
                        0.06445430629498655,
                        -0.6170137844646529,
                        -3.919086974047317e-07,
                        -0.041695617834511936
                    ],
                    [
                        0.9611516389485094,
                        0.06445430629498657,
                        1.9309787575786694,
                        0.8713169171238879,
                        -1.5259939881111697e-07,
                        -0.29403496059554074
                    ],
                    [
                        0.12260782883342408,
                        -0.6170137844646529,
                        0.8713169171238879,
                        1.994057073046385,
                        -2.389862941461183e-07,
                        -0.9734465094179751
                    ],
                    [
                        7.170615412459156e-07,
                        -3.9190869740473125e-07,
                        -1.5259939881111705e-07,
                        -2.3898629414611816e-07,
                        1.0010018815466282e-06,
                        -5.108540812344331e-07
                    ],
                    [
                        -0.18379074587506408,
                        -0.041695617834511936,
                        -0.29403496059554074,
                        -0.9734465094179751,
                        -5.108540812344333e-07,
                        1.7926642847841414
                    ]
                ]
            },
            "est_tgt": [
                4
            ],
            "oracle_est_tgt": [
                2,
                4
            ]
        },
        "5": {
            "intv_type": "do",
            "inode": 5,
            "new_mui": 4.0,
            "new_vari": null,
            "true_params": {
                "Si": [
                    [
                        1.0,
                        0.0,
                        0.9037009990652164,
                        0.05983740318558306,
                        -1.7295903685048901,
                        0.0
                    ],
                    [
                        0.0,
                        1.0,
                        0.0,
                        -0.6384420294109721,
                        -0.19494275128983896,
                        0.0
                    ],
                    [
                        0.9037009990652164,
                        0.0,
                        1.8166754957114701,
                        0.8354106491365944,
                        -2.91838939927102,
                        0.0
                    ],
                    [
                        0.05983740318558306,
                        -0.6384420294109721,
                        0.8354106491365944,
                        2.021673947203942,
                        -1.7077210997450871,
                        0.0
                    ],
                    [
                        -1.7295903685048901,
                        -0.19494275128983896,
                        -2.91838939927102,
                        -1.7077210997450871,
                        6.314973249301394,
                        0.0
                    ],
                    [
                        0.0,
                        0.0,
                        0.0,
                        0.0,
                        0.0,
                        1e-09
                    ]
                ],
                "mui": [
                    0.0,
                    0.0,
                    0.0,
                    0.0,
                    0.0,
                    4.0
                ],
                "Ai": [
                    [
                        0.0,
                        0.0,
                        0.0,
                        0.0,
                        0.0,
                        0.0
                    ],
                    [
                        0.0,
                        0.0,
                        0.0,
                        0.0,
                        0.0,
                        0.0
                    ],
                    [
                        0.9037009990652164,
                        0.0,
                        0.0,
                        0.0,
                        0.0,
                        0.0
                    ],
                    [
                        -0.646256294160205,
                        -0.6384420294109721,
                        0.7813355280963148,
                        0.0,
                        0.0,
                        0.0
                    ],
                    [
                        -0.9375496269123358,
                        -0.6225061557651401,
                        -0.8320979483768107,
                        -0.6696980849925749,
                        0.0,
                        0.0
                    ],
                    [
                        0.0,
                        0.0,
                        0.0,
                        0.0,
                        0.0,
                        0.0
                    ]
                ]
            },
            "est_params": {
                "mui": [
                    -0.04060775542309018,
                    0.007682765746906919,
                    -0.04628579667607982,
                    -0.06407831267083694,
                    0.10423413293307635,
                    4.000000472984197
                ],
                "Si": [
                    [
                        0.9858318638520261,
                        0.026972175155627647,
                        0.9121802283086761,
                        0.0252108486867203,
                        -1.682864393681938,
                        -9.022186059498643e-07
                    ],
                    [
                        0.026972175155627647,
                        1.0057640769060228,
                        0.06151897707907373,
                        -0.607985984167613,
                        -0.3020460388482533,
                        -8.681990920193748e-07
                    ],
                    [
                        0.9121802283086761,
                        0.061518977079073715,
                        1.8262821000030187,
                        0.7978351497747971,
                        -2.8799214061094704,
                        -1.5962573369310657e-06
                    ],
                    [
                        0.025210848686720293,
                        -0.607985984167613,
                        0.7978351497747971,
                        2.0087339296972546,
                        -1.6026258168789214,
                        4.452322483848983e-07
                    ],
                    [
                        -1.682864393681938,
                        -0.30204603884825326,
                        -2.8799214061094704,
                        -1.6026258168789214,
                        6.112704161193554,
                        1.566686662883567e-06
                    ],
                    [
                        -9.022186059498643e-07,
                        -8.681990920193748e-07,
                        -1.596257336931066e-06,
                        4.4523224838489826e-07,
                        1.566686662883567e-06,
                        1.000950039886839e-06
                    ]
                ]
            },
            "est_tgt": [
                3,
                5
            ],
            "oracle_est_tgt": [
                5
            ]
        },
        "obs": {
            "intv_type": "obs",
            "true_params": {
                "Si": [
                    [
                        1.0,
                        0.0,
                        0.9037009990652164,
                        0.05983740318558306,
                        -1.7295903685048901,
                        -0.17433160627847322
                    ],
                    [
                        0.0,
                        1.0,
                        0.0,
                        -0.6384420294109721,
                        -0.19494275128983896,
                        -0.0298593053465577
                    ],
                    [
                        0.9037009990652164,
                        0.0,
                        1.8166754957114701,
                        0.8354106491365944,
                        -2.91838939927102,
                        -0.3124673414838129
                    ],
                    [
                        0.05983740318558306,
                        -0.6384420294109721,
                        0.8354106491365944,
                        2.021673947203942,
                        -1.7077210997450871,
                        -0.9892742823325259
                    ],
                    [
                        -1.7295903685048901,
                        -0.19494275128983896,
                        -2.91838939927102,
                        -1.7077210997450871,
                        6.314973249301394,
                        1.1045506600044475
                    ],
                    [
                        -0.17433160627847322,
                        -0.0298593053465577,
                        -0.3124673414838129,
                        -0.9892742823325259,
                        1.1045506600044475,
                        1.82416575900041
                    ]
                ],
                "mui": [
                    0.0,
                    0.0,
                    0.0,
                    0.0,
                    0.0,
                    0.0
                ],
                "Ai": [
                    [
                        0.0,
                        0.0,
                        0.0,
                        0.0,
                        0.0,
                        0.0
                    ],
                    [
                        0.0,
                        0.0,
                        0.0,
                        0.0,
                        0.0,
                        0.0
                    ],
                    [
                        0.9037009990652164,
                        0.0,
                        0.0,
