{
    "expt_args": {
        "exp_name": "16",
        "num_nodes": 4,
        "obs_noise_mean": 0.5,
        "obs_noise_var": 1.0,
        "max_edge_strength": 10,
        "num_parents": 2,
        "new_noise_mean": 10.0,
        "mix_samples": 1024,
        "stage2_samples": 1024,
        "intv_targets": [
            0,
            1,
            2,
            3
        ]
    },
    "intv_args_dict": {
        "0": {
            "intv_type": "do",
            "inode": 0,
            "new_mui": 10.0,
            "true_params": {
                "Si": [
                    [
                        1.344963957929128e-34,
                        -4.048929349434639e-34,
                        -1.1597258115300906e-17,
                        2.1845578403891898e-17
                    ],
                    [
                        -4.048929349434639e-34,
                        0.9999999999999984,
                        -8.440264364879031,
                        9.538823237696725
                    ],
                    [
                        -1.1597258115300906e-17,
                        -8.440264364879031,
                        72.23806254904696,
                        -82.39387461897056
                    ],
                    [
                        2.1845578403891898e-17,
                        9.538823237696725,
                        -82.39387461897056,
                        95.53741704622608
                    ]
                ],
                "mui": [
                    9.999999999999986,
                    -48.9150474752207,
                    350.7301041847591,
                    -349.06651607792884
                ],
                "Ai": [
                    [
                        0.0,
                        0.0,
                        0.0,
                        0.0
                    ],
                    [
                        -4.941504747522075,
                        0.0,
                        0.0,
                        0.0
                    ],
                    [
                        -6.262582792671298,
                        -8.440264364879045,
                        0.0,
                        0.0
                    ],
                    [
                        -0.0,
                        -6.359974141769532,
                        -1.8836847629587385,
                        0.0
                    ]
                ]
            },
            "est_params": {
                "mui": [
                    9.999999999999998,
                    -48.82242467371403,
                    349.96233235684116,
                    -348.1850824444449
                ],
                "Si": [
                    [
                        1e-06,
                        4.997356495270676e-28,
                        -3.235134040172256e-27,
                        -1.5789592393129585e-28
                    ],
                    [
                        4.997356495270676e-28,
                        0.9932161664805262,
                        -8.387380146171814,
                        9.508509662003409
                    ],
                    [
                        -3.235134040172256e-27,
                        -8.387380146171814,
                        71.83775365718284,
                        -82.22690515023203
                    ],
                    [
                        -1.5789592393129585e-28,
                        9.508509662003409,
                        -82.22690515023203,
                        95.5912917176152
                    ]
                ]
            },
            "est_tgt": [
                0
            ]
        },
        "1": {
            "intv_type": "do",
            "inode": 1,
            "new_mui": 10.0,
            "true_params": {
                "Si": [
                    [
                        0.9999999999999996,
                        2.7930252541970483e-16,
                        -6.262582792671297,
                        11.796731783322507
                    ],
                    [
                        2.7930252541970483e-16,
                        7.922880540435341e-32,
                        -1.7840680053205447e-15,
                        3.3606217177044994e-15
                    ],
                    [
                        -6.262582792671297,
                        -1.7840680053205447e-15,
                        40.21994323506264,
                        -75.76169423895288
                    ],
                    [
                        11.796731783322507,
                        3.3606217177044994e-15,
                        -75.76169423895288,
                        143.71114905385437
                    ]
                ],
                "mui": [
                    0.49999999999999706,
                    10.000000000000007,
                    -87.03393504512614,
                    100.84475588714932
                ],
                "Ai": [
                    [
                        0.0,
                        0.0,
                        0.0,
                        0.0
                    ],
                    [
                        0.0,
                        0.0,
                        0.0,
                        0.0
                    ],
                    [
                        -6.262582792671298,
                        -8.440264364879045,
                        0.0,
                        0.0
                    ],
                    [
                        -0.0,
                        -6.359974141769532,
                        -1.8836847629587385,
                        0.0
                    ]
                ]
            },
            "est_params": {
                "mui": [
                    0.4803727833652677,
                    10.000000000000004,
                    -86.88387598828497,
                    100.50152487265481
                ],
                "Si": [
                    [
                        1.0374234375931533,
                        9.790456858891131e-17,
                        -6.4549068018737925,
                        12.142097474652694
                    ],
                    [
                        9.790456858891129e-17,
                        1e-06,
                        -6.2981255586451425e-16,
                        1.2105836611908336e-15
                    ],
                    [
                        -6.4549068018737925,
                        -6.29812555864515e-16,
                        41.15484316788334,
                        -77.34023865593805
                    ],
                    [
                        12.142097474652694,
                        1.2105836611908332e-15,
                        -77.34023865593805,
                        146.3804973219495
                    ]
                ]
            },
            "est_tgt": [
                1
            ]
        },
        "2": {
            "intv_type": "do",
            "inode": 2,
            "new_mui": 10.0,
            "true_params": {
                "Si": [
                    [
                        1.0,
                        -4.941504747522075,
                        0.0,
                        31.427842415671776
                    ],
                    [
                        -4.941504747522075,
                        25.4184691697832,
                        0.0,
                        -161.66080664318724
                    ],
                    [
                        0.0,
                        0.0,
                        0.0,
                        0.0
                    ],
                    [
                        31.427842415671776,
                        -161.66080664318724,
                        0.0,
                        1029.1585499882751
                    ]
                ],
                "mui": [
                    0.5,
                    -1.9707523737610373,
                    10.0,
                    -5.8029134926362635
                ],
                "Ai": [
                    [
                        0.0,
                        0.0,
                        0.0,
                        0.0
                    ],
                    [
                        -4.941504747522075,
                        0.0,
                        0.0,
                        0.0
                    ],
                    [
                        0.0,
                        0.0,
                        0.0,
                        0.0
                    ],
                    [
                        -0.0,
                        -6.359974141769532,
                        -1.8836847629587385,
                        0.0
                    ]
                ]
            },
            "est_params": {
                "mui": [
                    0.4861448333272205,
                    -1.906347791646621,
                    10.000013958966575,
                    -6.140900913535878
                ],
                "Si": [
                    [
                        1.0115954642098035,
                        -5.039205343373625,
                        4.125928243698599e-06,
                        32.20420746739677
                    ],
                    [
                        -5.039205343373625,
                        26.131428027772237,
                        2.78704839641776e-06,
                        -166.96910990040863
                    ],
                    [
                        4.125928243698599e-06,
                        2.78704839641776e-06,
                        1.0450135353101742e-06,
                        -1.8438772928040468e-05
                    ],
                    [
                        32.20420746739677,
                        -166.96910990040863,
                        -1.8438772928040468e-05,
                        1067.7575929721509
                    ]
                ]
            },
            "est_tgt": [
                2
            ]
        },
        "3": {
            "intv_type": "do",
            "inode": 3,
            "new_mui": 10.0,
            "true_params": {
                "Si": [
                    [
                        0.9999999999999973,
                        -4.941504747522062,
                        35.445023636719796,
                        0.0
                    ],
                    [
                        -4.941504747522062,
                        25.418469169783137,
                        -183.59201694176207,
                        0.0
                    ],
                    [
                        35.445023636719796,
                        -183.59201694176207,
                        1328.5877631566755,
                        0.0
                    ],
                    [
                        0.0,
                        0.0,
                        0.0,
                        0.0
                    ]
                ],
                "mui": [
                    0.49999999999999933,
                    -1.9707523737610348,
                    14.002379635920406,
                    10.0
                ],
                "Ai": [
                    [
                        0.0,
                        0.0,
                        0.0,
                        0.0
                    ],
                    [
                        -4.941504747522075,
                        0.0,
                        0.0,
                        0.0
                    ],
                    [
                        -6.262582792671298,
                        -8.440264364879045,
                        0.0,
                        0.0
                    ],
                    [
                        0.0,
                        0.0,
                        0.0,
                        0.0
                    ]
                ]
            },
            "est_params": {
                "mui": [
                    0.47434413544785314,
                    -1.8155196149133106,
                    12.775884475388388,
                    9.999999999999998
                ],
                "Si": [
                    [
                        0.8692030416676142,
                        -4.234603734917493,
                        30.383507685415815,
                        -5.5208054481658765e-17
                    ],
                    [
                        -4.234603734917493,
                        21.715310973103968,
                        -157.2132231715773,
                        2.3581276000556904e-16
                    ],
                    [
                        30.383507685415815,
                        -157.2132231715773,
                        1141.0840809438505,
                        -1.6434207175345709e-15
                    ],
                    [
                        -5.5208054481658765e-17,
                        2.3581276000556904e-16,
                        -1.6434207175345709e-15,
                        1.0000000000006623e-06
                    ]
                ]
            },
            "est_tgt": [
                3
            ]
        },
        "obs": {
            "intv_type": "obs",
            "true_params": {
                "Si": [
                    [
                        0.9999999999999973,
                        -4.941504747522064,
                        35.44502363671981,
                        -35.339408531529735
                    ],
                    [
                        -4.941504747522064,
                        25.418469169783158,
                        -183.5920169417622,
                        184.1686782708731
                    ],
                    [
                        35.44502363671981,
                        -183.5920169417622,
                        1328.5877631566764,
                        -1335.000045326743
                    ],
                    [
                        -35.339408531529735,
                        184.1686782708731,
                        -1335.000045326743,
                        1344.4112124045864
                    ]
                ],
                "mui": [
                    0.49999999999999933,
                    -1.9707523737610355,
                    14.002379635920411,
                    -13.342135028395894
                ],
                "Ai": [
                    [
                        0.0,
                        0.0,
                        0.0,
                        0.0
                    ],
                    [
                        -4.941504747522075,
                        0.0,
                        0.0,
                        0.0
                    ],
                    [
                        -6.262582792671298,
                        -8.440264364879045,
                        0.0,
                        0.0
                    ],
                    [
                        -0.0,
                        -6.359974141769532,
                        -1.8836847629587385,
                        0.0
                    ]
                ]
            },
            "est_params": {
                "mui": [
                    0.3835668792647287,
                    -1.2731580196451118,
                    8.94961994039983,
                    -8.235899204974553
                ],
                "Si": [
                    [
                        1.1674708266100684,
                        -5.694606432507104,
                        40.806918496870566,
                        -40.59551676535327
                    ],
                    [
                        -5.694606432507104,
                        28.67644646378053,
                        -206.57363025571243,
                        206.56498356106817
                    ],
                    [
                        40.806918496870566,
                        -206.57363025571243,
                        1490.2765621178237,
                        -1492.2701055392952
                    ],
                    [
                        -40.59551676535327,
                        206.56498356106817,
                        -1492.2701055392952,
                        1497.1467954478612
                    ]
                ]
            }
        }
    },
    "metric_dict": {
        "param_est_rel_err": 0.7692045106181545,
        "est_dag": {
            "amat": [
                [
                    0,
                    1,
                    1,
                    0
                ],
                [
                    0,
                    0,
                    1,
                    1
                ],
                [
                    0,
                    0,
                    0,
                    1
                ],
                [
                    0,
                    0,
                    0,
                    0
                ]
            ],
            "nodes": [
                0,
                1,
                2,
                3
            ]
        },
        "act_dag": {
            "amat": [
                [
                    0,
                    1,
                    1,
                    0
                ],
                [
                    0,
                    0,
                    1,
                    1
                ],
                [
                    0,
                    0,
                    0,
                    1
                ],
                [
                    0,
                    0,
                    0,
                    0
                ]
            ],
            "nodes": [
                0,
                1,
                2,
                3
            ]
        },
        "shd": 0,
        "avg_js": 1.0
    }
}