{
    "expt_args": {
        "save_dir": "all_expt_logs/expt_logs_sim_compsel_backward_cameraready_density_var",
        "exp_name": "391",
        "num_nodes": 6,
        "num_tgt_prior": 7,
        "obs_noise_mean": 0.0,
        "obs_noise_var": 1.0,
        "obs_noise_gamma_shape": null,
        "noise_type": "gaussian",
        "max_edge_strength": 1.0,
        "graph_sparsity_method": "adj_dense_prop",
        "adj_dense_prop": 1.0,
        "num_parents": null,
        "new_noise_mean": 1.0,
        "mix_samples": 65536,
        "stage2_samples": 65536,
        "gmm_tol": 0.001,
        "intv_type": "do",
        "new_noise_var": null,
        "dtype": "simulation",
        "cutoff_drop_ratio": 0.07,
        "intv_targets": [
            0,
            1,
            2,
            3,
            4,
            5
        ]
    },
    "intv_args_dict": {
        "0": {
            "intv_type": "do",
            "inode": 0,
            "new_mui": 1.0,
            "new_vari": null,
            "noise_type": "gaussian",
            "obs_noise_gamma_shape": null,
            "true_params": {
                "Si": [
                    [
                        1e-09,
                        6.613249928621732e-10,
                        -3.466668657888239e-11,
                        -1.4791447683931538e-09,
                        2.4221226810799578e-09,
                        1.5555695426942285e-10
                    ],
                    [
                        6.613249928621732e-10,
                        1.0000000004373508,
                        -0.931202973472261,
                        -0.23967440697666942,
                        1.716746375684118,
                        0.6613904586221657
                    ],
                    [
                        -3.466668657888239e-11,
                        -0.931202973472261,
                        1.8671389777620848,
                        -0.36226271225370166,
                        -1.7155093682319298,
                        -1.993251140020099
                    ],
                    [
                        -1.4791447683931538e-09,
                        -0.23967440697666942,
                        -0.36226271225370166,
                        1.4001934552320034,
                        -1.167083236435412,
                        0.9650995527119333
                    ],
                    [
                        2.4221226810799578e-09,
                        1.716746375684118,
                        -1.7155093682319298,
                        -1.167083236435412,
                        4.639925937149924,
                        1.6344476522977516
                    ],
                    [
                        1.5555695426942285e-10,
                        0.6613904586221657,
                        -1.993251140020099,
                        0.9650995527119333,
                        1.6344476522977516,
                        3.7945582572539105
                    ]
                ],
                "mui": [
                    1.0,
                    0.6613249928621732,
                    -0.03466668657888239,
                    -1.4791447683931536,
                    2.4221226810799577,
                    0.15555695426942284
                ],
                "Ai": [
                    [
                        0.0,
                        0.0,
                        0.0,
                        0.0,
                        0.0,
                        0.0
                    ],
                    [
                        0.6613249928621732,
                        0.0,
                        0.0,
                        0.0,
                        0.0,
                        0.0
                    ],
                    [
                        0.5811611131907335,
                        -0.931202973449335,
                        0.0,
                        0.0,
                        0.0,
                        0.0
                    ],
                    [
                        -0.9804023474308299,
                        -0.7848455402796547,
                        -0.5854482318304608,
                        0.0,
                        0.0,
                        0.0
                    ],
                    [
                        0.5468206326885497,
                        0.9611690544978699,
                        -0.5993053907103076,
                        -0.8240444236337908,
                        0.0,
                        0.0
                    ],
                    [
                        0.5018624867478273,
                        -0.9484071259121704,
                        -0.8323740757380539,
                        0.8112238694661162,
                        0.599458361855133,
                        0.0
                    ]
                ]
            },
            "est_params": {
                "mui": [
                    0.99999926292466,
                    0.6366556942370485,
                    -0.023377968332093782,
                    -1.455396978586186,
                    2.3691790151828926,
                    0.14067645217162686
                ],
                "Si": [
                    [
                        1.0167975816825558e-06,
                        -7.583829570494066e-07,
                        -5.088459782656009e-07,
                        1.2355185965155224e-06,
                        -5.634275788393649e-07,
                        4.25926667190153e-06
                    ],
                    [
                        -7.583829570494061e-07,
                        0.9935365957599066,
                        -0.932978722391118,
                        -0.24458859314788442,
                        1.7257828720724766,
                        0.6707925321811455
                    ],
                    [
                        -5.088459782656009e-07,
                        -0.932978722391118,
                        1.8780431249277059,
                        -0.370010944156844,
                        -1.7213186130034988,
                        -2.0237121048894995
                    ],
                    [
                        1.2355185965155224e-06,
                        -0.24458859314788442,
                        -0.370010944156844,
                        1.4220947841760578,
                        -1.1955653886042221,
                        0.9726523385121897
                    ],
                    [
                        -5.634275788393652e-07,
                        1.7257828720724766,
                        -1.7213186130034988,
                        -1.1955653886042221,
                        4.679995166294574,
                        1.6442726124938414
                    ],
                    [
                        4.25926667190153e-06,
                        0.6707925321811454,
                        -2.0237121048894995,
                        0.9726523385121897,
                        1.6442726124938412,
                        3.833273705713692
                    ]
                ]
            },
            "est_tgt": [
                0
            ],
            "oracle_est_tgt": [
                0
            ]
        },
        "1": {
            "intv_type": "do",
            "inode": 1,
            "new_mui": 1.0,
            "new_vari": null,
            "noise_type": "gaussian",
            "obs_noise_gamma_shape": null,
            "true_params": {
                "Si": [
                    [
                        1.0,
                        0.0,
                        0.5811611131907335,
                        -1.3206420935569672,
                        1.2867953974938138,
                        -0.28183708598995727
                    ],
                    [
                        0.0,
                        1e-09,
                        -9.31202973449335e-10,
                        -2.3967440599847404e-10,
                        1.7167463740823078e-09,
                        6.61390458519292e-10
                    ],
                    [
                        0.5811611131907335,
                        -9.31202973449335e-10,
                        1.3377482403522314,
                        -1.3529540608253832,
                        0.6309654041134243,
                        -1.5411551336787672
                    ],
                    [
                        -1.3206420935569672,
                        -2.3967440599847404e-10,
                        -1.3529540608253832,
                        3.086845171485386,
                        -2.455019233531691,
                        1.4958238373459478
                    ],
                    [
                        1.2867953974938138,
                        1.7167463740823078e-09,
                        0.6309654041134243,
                        -2.455019233531691,
                        3.348550216316975,
                        0.13634131644583852
                    ],
                    [
                        -0.28183708598995727,
                        6.61390458519292e-10,
                        -1.5411551336787672,
                        1.4958238373459478,
                        0.13634131644583852,
                        3.436553062086101
                    ]
                ],
                "mui": [
                    0.0,
                    1.0,
                    -0.931202973449335,
                    -0.239674405998474,
                    1.7167463740823077,
                    0.661390458519292
                ],
                "Ai": [
                    [
                        0.0,
                        0.0,
                        0.0,
                        0.0,
                        0.0,
                        0.0
                    ],
                    [
                        0.0,
                        0.0,
                        0.0,
                        0.0,
                        0.0,
                        0.0
                    ],
                    [
                        0.5811611131907335,
                        -0.931202973449335,
                        0.0,
                        0.0,
                        0.0,
                        0.0
                    ],
                    [
                        -0.9804023474308299,
                        -0.7848455402796547,
                        -0.5854482318304608,
                        0.0,
                        0.0,
                        0.0
                    ],
                    [
                        0.5468206326885497,
                        0.9611690544978699,
                        -0.5993053907103076,
                        -0.8240444236337908,
                        0.0,
                        0.0
                    ],
                    [
                        0.5018624867478273,
                        -0.9484071259121704,
                        -0.8323740757380539,
                        0.8112238694661162,
                        0.599458361855133,
                        0.0
                    ]
                ]
            },
            "est_params": {
                "mui": [
                    -0.0025412021466092653,
                    1.0000004538549607,
                    -0.9421110435905382,
                    -0.2529284219431073,
                    1.7400297131750289,
                    0.6655306147917921
                ],
                "Si": [
                    [
                        0.9980332000765081,
                        1.3729235946493364e-06,
                        0.5738629869122602,
                        -1.3138544859955807,
                        1.2879934860884106,
                        -0.2801233612725572
                    ],
                    [
                        1.372923594649337e-06,
                        1.0133273796138126e-06,
                        -2.084948738612283e-07,
                        -1.900215004526493e-07,
                        4.109291015111307e-07,
                        1.7921460429189449e-06
                    ],
                    [
                        0.5738629869122602,
                        -2.084948738612284e-07,
                        1.3441100712962537,
                        -1.355180157754264,
                        0.6139900302151361,
                        -1.5661198912746854
                    ],
                    [
                        -1.3138544859955807,
                        -1.9002150045264873e-07,
                        -1.355180157754264,
                        3.0777955754429547,
                        -2.4404586776465593,
                        1.5088328861206628
                    ],
                    [
                        1.2879934860884101,
                        4.109291015111306e-07,
                        0.6139900302151363,
                        -2.4404586776465593,
                        3.3571191281305492,
                        0.1631764826501357
                    ],
                    [
                        -0.2801233612725572,
                        1.7921460429189445e-06,
                        -1.5661198912746854,
                        1.5088328861206628,
                        0.16317648265013565,
                        3.488043205584317
                    ]
                ]
            },
            "est_tgt": [
                1,
                2,
                4
            ],
            "oracle_est_tgt": [
                1,
                2,
                4
            ]
        },
        "2": {
            "intv_type": "do",
            "inode": 2,
            "new_mui": 1.0,
            "new_vari": null,
            "noise_type": "gaussian",
            "obs_noise_gamma_shape": null,
            "true_params": {
                "Si": [
                    [
                        1.0,
                        0.6613249928621732,
                        0.0,
                        -1.499440318754181,
                        2.4180711840347517,
                        0.10780836439082764
                    ],
                    [
                        0.6613249928621732,
                        1.4373507461841535,
                        0.0,
                        -1.776462898377018,
                        3.207047553901178,
                        -0.5499171179812123
                    ],
                    [
                        0.0,
                        0.0,
                        1e-09,
                        -5.854482318304608e-10,
                        -1.1687003994415363e-10,
                        -1.3773623784305225e-09
                    ],
                    [
                        -1.499440318754181,
                        -1.776462898377018,
                        -5.854482318304608e-10,
                        3.8643037919452525,
                        -5.711764058792001,
                        0.6431479740346706
                    ],
                    [
                        2.4180711840347517,
                        3.207047553901178,
                        -1.1687003994415363e-10,
                        -5.711764058792001,
                        10.111513401682231,
                        -0.40013561721093216
                    ],
                    [
                        0.10780836439082764,
                        -0.5499171179812123,
                        -1.3773623784305225e-09,
                        0.6431479740346706,
                        -0.40013561721093216,
                        1.857522634868884
                    ]
                ],
                "mui": [
                    0.0,
                    0.0,
                    1.0,
                    -0.5854482318304608,
                    -0.11687003994415363,
                    -1.3773623784305224
                ],
                "Ai": [
                    [
                        0.0,
                        0.0,
                        0.0,
                        0.0,
                        0.0,
                        0.0
                    ],
                    [
                        0.6613249928621732,
                        0.0,
                        0.0,
                        0.0,
                        0.0,
                        0.0
                    ],
                    [
                        0.0,
                        0.0,
                        0.0,
                        0.0,
                        0.0,
                        0.0
                    ],
                    [
                        -0.9804023474308299,
                        -0.7848455402796547,
                        -0.5854482318304608,
                        0.0,
                        0.0,
                        0.0
                    ],
                    [
                        0.5468206326885497,
                        0.9611690544978699,
                        -0.5993053907103076,
                        -0.8240444236337908,
                        0.0,
                        0.0
                    ],
                    [
                        0.5018624867478273,
                        -0.9484071259121704,
                        -0.8323740757380539,
                        0.8112238694661162,
                        0.599458361855133,
                        0.0
                    ]
                ]
            },
            "est_params": {
                "mui": [
                    -0.016520698210049443,
                    -0.006898743347667475,
                    1.0000003840023148,
                    -0.5379645658055264,
                    -0.1744374675459104,
                    -1.3726863723638332
                ],
                "Si": [
                    [
                        1.0209076910950907,
                        0.6694426129572543,
                        9.327734166759851e-07,
                        -1.539014658144416,
                        2.4862862774039716,
                        0.11175099778714662
                    ],
                    [
                        0.6694426129572543,
                        1.437768945405025,
                        1.0975319164014572e-06,
                        -1.7859166641897566,
                        3.230308883451373,
                        -0.5299330675611795
                    ],
                    [
                        9.327734166759851e-07,
                        1.0975319164014572e-06,
                        1.0088922741380934e-06,
                        3.27489611053656e-08,
                        2.0991637768358594e-06,
                        1.1835633610135394e-06
                    ],
                    [
                        -1.539014658144416,
                        -1.7859166641897566,
                        3.2748961105365044e-08,
                        3.918061743728028,
                        -5.810433015206214,
                        0.5974299305427749
                    ],
                    [
                        2.4862862774039716,
                        3.230308883451373,
                        2.0991637768358594e-06,
                        -5.810433015206214,
                        10.295150467247572,
                        -0.3324822453961429
                    ],
                    [
                        0.11175099778714659,
                        -0.5299330675611795,
                        1.1835633610135398e-06,
                        0.5974299305427749,
                        -0.33248224539614285,
                        1.843157847519055
                    ]
                ]
            },
            "est_tgt": [
                1,
                2,
                4
            ],
            "oracle_est_tgt": [
                1,
                2,
                4
            ]
        },
        "3": {
            "intv_type": "do",
            "inode": 3,
            "new_mui": 1.0,
            "new_vari": null,
            "noise_type": "gaussian",
            "obs_noise_gamma_shape": null,
            "true_params": {
                "Si": [
                    [
                        1.0,
                        0.6613249928621732,
                        -0.03466668657888239,
                        0.0,
                        1.2032416829384842,
                        0.6248060903436421
                    ],
                    [
                        0.6613249928621732,
                        1.4373507461841535,
                        -0.9541289197036696,
                        0.0,
                        2.3149778137122863,
                        1.150625500962307
                    ],
                    [
                        -0.03466668657888239,
                        -0.9541289197036696,
                        1.8683407569192414,
                        0.0,
                        -2.055742338414408,
                        -1.8999855883344754
                    ],
                    [
                        0.0,
                        0.0,
                        0.0,
                        1e-09,
                        -8.240444236337909e-10,
                        3.172435491787468e-10
                    ],
                    [
                        1.2032416829384842,
                        2.3149778137122863,
                        -2.055742338414408,
                        -8.240444236337909e-10,
                        5.115059880733259,
                        3.1857324534249045
                    ],
                    [
                        0.6248060903436421,
                        1.150625500962307,
                        -1.8999855883344754,
                        3.172435491787468e-10,
                        3.1857324534249045,
                        3.7135180199678492
                    ]
                ],
                "mui": [
                    0.0,
                    0.0,
                    0.0,
                    1.0,
                    -0.8240444236337908,
                    0.31724354917874675
                ],
                "Ai": [
                    [
                        0.0,
                        0.0,
                        0.0,
                        0.0,
                        0.0,
                        0.0
                    ],
                    [
                        0.6613249928621732,
                        0.0,
                        0.0,
                        0.0,
                        0.0,
                        0.0
                    ],
                    [
                        0.5811611131907335,
                        -0.931202973449335,
                        0.0,
                        0.0,
                        0.0,
                        0.0
                    ],
                    [
                        0.0,
                        0.0,
                        0.0,
                        0.0,
                        0.0,
                        0.0
                    ],
                    [
                        0.5468206326885497,
                        0.9611690544978699,
                        -0.5993053907103076,
                        -0.8240444236337908,
                        0.0,
                        0.0
                    ],
                    [
                        0.5018624867478273,
                        -0.9484071259121704,
                        -0.8323740757380539,
                        0.8112238694661162,
                        0.599458361855133,
                        0.0
                    ]
                ]
            },
            "est_params": {
                "mui": [
                    -0.009334313156703898,
                    -0.0013809388439181966,
                    -0.009528181274801,
                    0.9999988284787277,
                    -0.824796825512033,
                    0.33270003364018513
                ],
                "Si": [
                    [
                        1.0137592109845819,
                        0.6809375098871906,
                        -0.05588928725206127,
                        -2.5510702249700424e-09,
                        1.2420632974046315,
                        0.6576308029746015
                    ],
                    [
                        0.6809375098871906,
                        1.4987453958830792,
                        -1.010360433815912,
                        -7.253068738531116e-08,
                        2.427890798828395,
                        1.2389213910343884
                    ],
                    [
                        -0.05588928725206127,
                        -1.010360433815912,
                        1.8934481774303313,
                        6.685769796246633e-07,
                        -2.1530917223141106,
                        -1.9679185156982715
                    ],
                    [
                        -2.551070224969996e-09,
                        -7.253068738531115e-08,
                        6.685769796246633e-07,
                        1.0086021601240956e-06,
                        -9.64846318570011e-07,
                        -1.17869308153533e-06
                    ],
                    [
                        1.2420632974046315,
                        2.427890798828395,
                        -2.1530917223141106,
                        -9.648463185700114e-07,
                        5.325491167150174,
                        3.3460071874846133
                    ],
                    [
                        0.6576308029746015,
                        1.2389213910343888,
                        -1.967918515698271,
                        -1.1786930815353302e-06,
                        3.3460071874846133,
                        3.832901202053409
                    ]
                ]
            },
            "est_tgt": [
                1,
                3,
                4
            ],
            "oracle_est_tgt": [
                1,
                3,
                4
            ]
        },
        "4": {
            "intv_type": "do",
            "inode": 4,
            "new_mui": 1.0,
            "new_vari": null,
            "noise_type": "gaussian",
            "obs_noise_gamma_shape": null,
            "true_params": {
                "Si": [
                    [
                        1.0,
                        0.6613249928621732,
                        -0.03466668657888239,
                        -1.4791447683931536,
                        0.0,
                        -1.2964047403429313
                    ],
                    [
                        0.6613249928621732,
                        1.4373507461841535,
                        -0.9541289197036696,
                        -1.2178698093981972,
                        0.0,
                        -1.2250723662626042
                    ],
                    [
                        -0.03466668657888239,
                        -0.9541289197036696,
                        1.8683407569192414,
                        -0.31098566421429963,
                        0.0,
                        -0.9199326476247481
                    ],
                    [
                        -1.4791447683931536,
                        -1.2178698093981972,
                        -0.31098566421429963,
                        3.5880626989089706,
                        0.0,
                        3.582287645254853
                    ],
                    [
                        0.0,
                        0.0,
                        0.0,
                        0.0,
                        1e-09,
                        5.99458361855133e-10
                    ],
                    [
                        -1.2964047403429313,
                        -1.2250723662626042,
                        -0.9199326476247481,
                        3.582287645254853,
                        5.99458361855133e-10,
                        5.183015787892928
                    ]
                ],
                "mui": [
                    0.0,
                    0.0,
                    0.0,
                    0.0,
                    1.0,
                    0.599458361855133
                ],
                "Ai": [
                    [
                        0.0,
                        0.0,
                        0.0,
                        0.0,
                        0.0,
                        0.0
                    ],
                    [
                        0.6613249928621732,
                        0.0,
                        0.0,
                        0.0,
                        0.0,
                        0.0
                    ],
                    [
                        0.5811611131907335,
                        -0.931202973449335,
                        0.0,
                        0.0,
                        0.0,
                        0.0
                    ],
                    [
                        -0.9804023474308299,
                        -0.7848455402796547,
                        -0.5854482318304608,
                        0.0,
                        0.0,
                        0.0
                    ],
                    [
                        0.0,
                        0.0,
                        0.0,
                        0.0,
                        0.0,
                        0.0
                    ],
                    [
                        0.5018624867478273,
                        -0.9484071259121704,
                        -0.8323740757380539,
                        0.8112238694661162,
                        0.599458361855133,
                        0.0
                    ]
                ]
            },
            "est_params": {
                "mui": [
                    -0.016304367225476516,
                    -0.00596889714732218,
                    0.0018496740821266225,
                    0.03744975025596358,
                    0.9999994717382873,
                    0.6153818310568318
                ],
                "Si": [
                    [
                        0.9877217761472196,
                        0.6435757266369222,
                        -0.0190035812156821,
                        -1.4694072011566537,
                        6.707384355610675e-07,
                        -1.301972919331107
                    ],
                    [
                        0.6435757266369222,
                        1.4111347848691895,
                        -0.9292828476025826,
                        -1.2101106496021177,
                        3.173384826572797e-07,
                        -1.2383908270020727
                    ],
                    [
                        -0.0190035812156821,
                        -0.9292828476025826,
                        1.850251692831839,
                        -0.3222165010080501,
                        -4.978170380966031e-08,
                        -0.9369044984207379
                    ],
                    [
                        -1.4694072011566537,
                        -1.2101106496021174,
                        -0.3222165010080501,
                        3.60697058195,
                        -1.0759475851846511e-06,
                        3.644885661482973
                    ],
                    [
                        6.707384355610675e-07,
                        3.173384826572797e-07,
                        -4.9781703809660434e-08,
                        -1.0759475851846514e-06,
                        1.0060771276649797e-06,
                        -4.5059002273097047e-07
                    ],
                    [
                        -1.301972919331107,
                        -1.2383908270020727,
                        -0.9369044984207379,
                        3.644885661482974,
                        -4.5059002273097026e-07,
                        5.311733693580856
                    ]
                ]
            },
            "est_tgt": [
                1,
                3,
                4
            ],
            "oracle_est_tgt": [
                1,
                3,
                4
            ]
        },
        "5": {
            "intv_type": "do",
            "inode": 5,
            "new_mui": 1.0,
            "new_vari": null,
            "noise_type": "gaussian",
            "obs_noise_gamma_shape": null,
            "true_params": {
                "Si": [
                    [
                        1.0,
                        0.6613249928621732,
                        -0.03466668657888239,
                        -1.4791447683931536,
                        2.4221226810799577,
                        0.0
                    ],
                    [
                        0.6613249928621732,
                        1.4373507461841535,
                        -0.9541289197036696,
                        -1.2178698093981972,
                        3.3185566388588184,
                        0.0
                    ],
                    [
                        -0.03466668657888239,
                        -0.9541289197036696,
                        1.8683407569192414,
                        -0.31098566421429963,
                        -1.7994763359885642,
                        0.0
                    ],
                    [
                        -1.4791447683931536,
                        -1.2178698093981972,
                        -0.31098566421429963,
                        3.5880626989089706,
                        -4.749753324978561,
                        0.0
                    ],
                    [
                        2.4221226810799577,
                        3.3185566388588184,
                        -1.7994763359885642,
                        -4.749753324978561,
                        10.506604213485208,
                        0.0
                    ],
                    [
                        0.0,
                        0.0,
                        0.0,
                        0.0,
                        0.0,
                        1e-09
                    ]
                ],
                "mui": [
                    0.0,
                    0.0,
                    0.0,
                    0.0,
                    0.0,
                    1.0
                ],
                "Ai": [
                    [
                        0.0,
                        0.0,
                        0.0,
                        0.0,
                        0.0,
                        0.0
                    ],
                    [
                        0.6613249928621732,
                        0.0,
                        0.0,
                        0.0,
                        0.0,
                        0.0
                    ],
                    [
                        0.5811611131907335,
                        -0.931202973449335,
                        0.0,
                        0.0,
                        0.0,
                        0.0
                    ],
                    [
                        -0.9804023474308299,
                        -0.7848455402796547,
                        -0.5854482318304608,
                        0.0,
                        0.0,
                        0.0
                    ],
                    [
                        0.5468206326885497,
                        0.9611690544978699,
                        -0.5993053907103076,
                        -0.8240444236337908,
                        0.0,
                        0.0
                    ],
                    [
                        0.0,
                        0.0,
                        0.0,
                        0.0,
                        0.0,
                        0.0
                    ]
                ]
            },
            "est_params": {
                "mui": [
                    0.007465162839834479,
                    0.018700334709024893,
                    -0.04118223420864246,
                    0.01083010144242527,
                    0.05352978463031615,
                    0.999998831285774
                ],
                "Si": [
                    [
                        1.052487787163203,
                        0.6957389620174211,
                        -0.03373562880095522,
                        -1.5677159353900907,
                        2.5558910447996084,
                        1.385725420406665e-06
                    ],
                    [
                        0.6957389620174211,
                        1.483294137815567,
                        -0.9696326288278342,
                        -1.2771671818090904,
                        3.4440037902423697,
                        1.0622312392494241e-07
                    ],
                    [
                        -0.033735628800955215,
                        -0.9696326288278342,
                        1.884610588266671,
                        -0.30398626415647684,
                        -1.8219889413351766,
                        1.1725835785921314e-06
                    ],
                    [
                        -1.5677159353900907,
                        -1.2771671818090904,
                        -0.30398626415647684,
                        3.718908931910916,
                        -4.978194144979458,
                        -2.1367838250537113e-06
                    ],
                    [
                        2.5558910447996084,
                        3.44400379024237,
                        -1.8219889413351766,
                        -4.978194144979458,
                        10.894146743755764,
                        9.364291990529376e-07
                    ],
                    [
                        1.3857254204066648e-06,
                        1.0622312392494229e-07,
                        1.172583578592131e-06,
                        -2.1367838250537117e-06,
                        9.364291990529369e-07,
                        1.0082325140925012e-06
                    ]
                ]
            },
            "est_tgt": [
                5
            ],
            "oracle_est_tgt": [
                5
            ]
        },
        "obs": {
            "intv_type": "obs",
            "noise_type": "gaussian",
            "obs_noise_gamma_shape": null,
            "true_params": {
                "Si": [
                    [
                        1.0,
                        0.6613249928621732,
                        -0.03466668657888239,
                        -1.4791447683931536,
                        2.4221226810799577,
                        0.15555695426942284
                    ],
                    [
                        0.6613249928621732,
                        1.4373507461841535,
                        -0.9541289197036696,
                        -1.2178698093981972,
                        3.3185566388588184,
                        0.7642641601911795
                    ],
                    [
                        -0.03466668657888239,
                        -0.9541289197036696,
                        1.8683407569192414,
                        -0.31098566421429963,
                        -1.7994763359885642,
                        -1.9986437841935298
                    ],
                    [
                        -1.4791447683931536,
                        -1.2178698093981972,
                        -0.31098566421429963,
                        3.5880626989089706,
