{
    "expt_args": {
        "save_dir": "all_expt_logs/expt_logs_sim_compsel_backward_cameraready_density_var",
        "exp_name": "307",
        "num_nodes": 6,
        "num_tgt_prior": 7,
        "obs_noise_mean": 0.0,
        "obs_noise_var": 1.0,
        "obs_noise_gamma_shape": null,
        "noise_type": "gaussian",
        "max_edge_strength": 1.0,
        "graph_sparsity_method": "adj_dense_prop",
        "adj_dense_prop": 1.0,
        "num_parents": null,
        "new_noise_mean": 1.0,
        "mix_samples": 1048576,
        "stage2_samples": 1048576,
        "gmm_tol": 0.001,
        "intv_type": "do",
        "new_noise_var": null,
        "dtype": "simulation",
        "cutoff_drop_ratio": 0.07,
        "intv_targets": [
            0,
            1,
            2,
            3,
            4,
            5
        ]
    },
    "intv_args_dict": {
        "0": {
            "intv_type": "do",
            "inode": 0,
            "new_mui": 1.0,
            "new_vari": null,
            "noise_type": "gaussian",
            "obs_noise_gamma_shape": null,
            "true_params": {
                "Si": [
                    [
                        1e-09,
                        -6.968921622735229e-10,
                        4.0480216119254235e-11,
                        -1.188480197989593e-10,
                        1.500773075901344e-09,
                        2.337589383816831e-09
                    ],
                    [
                        -6.968921622735229e-10,
                        1.0000000004856586,
                        -0.8356748542697585,
                        -0.1889032404907029,
                        -0.3541026020203435,
                        -0.7213065849076249
                    ],
                    [
                        4.0480216119254235e-11,
                        -0.8356748542697585,
                        1.6983524620132715,
                        -0.48472972902522904,
                        -1.2335517478095532,
                        -1.5658940410800257
                    ],
                    [
                        -1.188480197989593e-10,
                        -0.1889032404907029,
                        -0.48472972902522904,
                        1.4486081635827888,
                        1.9627524143817796,
                        2.8910923522458036
                    ],
                    [
                        1.500773075901344e-09,
                        -0.3541026020203435,
                        -1.2335517478095532,
                        1.9627524143817796,
                        4.29829687053638,
                        5.412665321374557
                    ],
                    [
                        2.337589383816831e-09,
                        -0.7213065849076249,
                        -1.5658940410800257,
                        2.8910923522458036,
                        5.412665321374557,
                        8.433409648179605
                    ]
                ],
                "mui": [
                    1.0,
                    -0.6968921622735229,
                    0.04048021611925423,
                    -0.11884801979895931,
                    1.500773075901344,
                    2.337589383816831
                ],
                "Ai": [
                    [
                        0.0,
                        0.0,
                        0.0,
                        0.0,
                        0.0,
                        0.0
                    ],
                    [
                        -0.6968921622735229,
                        0.0,
                        0.0,
                        0.0,
                        0.0,
                        0.0
                    ],
                    [
                        -0.5418950400107494,
                        -0.8356748542415482,
                        0.0,
                        0.0,
                        0.0,
                        0.0
                    ],
                    [
                        -0.5987103092369251,
                        -0.7259007293557086,
                        -0.6425914170524565,
                        0.0,
                        0.0,
                        0.0
                    ],
                    [
                        0.9718375486632997,
                        -0.9694632983423594,
                        -0.9427551616343393,
                        0.9130393125745112,
                        0.0,
                        0.0
                    ],
                    [
                        0.8941037971285255,
                        -0.9662623465865513,
                        -0.7306859120861255,
                        0.8157705223100576,
                        0.5974493944976073,
                        0.0
                    ]
                ]
            },
            "est_params": {
                "mui": [
                    0.9999993673973815,
                    -0.6957019725980759,
                    0.04157188553563186,
                    -0.12157400791808949,
                    1.4964618841645096,
                    2.332382016827186
                ],
                "Si": [
                    [
                        1.0121753185231513e-06,
                        1.6779716528879791e-07,
                        2.4453833248667765e-08,
                        8.956002044144383e-08,
                        8.97665745321772e-08,
                        -1.2065372091406036e-07
                    ],
                    [
                        1.6779716528879791e-07,
                        1.0053534497198056,
                        -0.8389176941317971,
                        -0.18813926558794494,
                        -0.35507150201446475,
                        -0.7182652138046358
                    ],
                    [
                        2.4453833248667854e-08,
                        -0.8389176941317971,
                        1.6964389670080615,
                        -0.48113694555509023,
                        -1.2249066826437938,
                        -1.5563378550013858
                    ],
                    [
                        8.956002044144378e-08,
                        -0.18813926558794494,
                        -0.48113694555509035,
                        1.4424420103107563,
                        1.9580658548242575,
                        2.8755386033001042
                    ],
                    [
                        8.976657453217744e-08,
                        -0.3550715020144647,
                        -1.224906682643794,
                        1.9580658548242575,
                        4.292085104537231,
                        5.393402410528173
                    ],
                    [
                        -1.2065372091406026e-07,
                        -0.7182652138046358,
                        -1.556337855001386,
                        2.8755386033001042,
                        5.393402410528173,
                        8.388777171935702
                    ]
                ]
            },
            "est_tgt": [
                0
            ],
            "oracle_est_tgt": [
                0
            ]
        },
        "1": {
            "intv_type": "do",
            "inode": 1,
            "new_mui": 1.0,
            "new_vari": null,
            "noise_type": "gaussian",
            "obs_noise_gamma_shape": null,
            "true_params": {
                "Si": [
                    [
                        1.0,
                        0.0,
                        -0.5418950400107494,
                        -0.2504932075827201,
                        1.2540017486415693,
                        1.8349164793336963
                    ],
                    [
                        0.0,
                        1e-09,
                        -8.356748542415483e-10,
                        -1.8890324057352715e-10,
                        -3.5410260097446653e-10,
                        -7.213065832785772e-10
                    ],
                    [
                        -0.5418950400107494,
                        -8.356748542415483e-10,
                        1.2936502350866041,
                        -0.5068503901491357,
                        -2.2090037147839534,
                        -3.163003953401585
                    ],
                    [
                        -0.2504932075827201,
                        -1.8890324057352715e-10,
                        -0.5068503901491357,
                        1.4756705763502482,
                        1.5817423654758767,
                        2.295201087076847
                    ],
                    [
                        1.2540017486415693,
                        -3.5410260097446653e-10,
                        -2.2090037147839534,
                        1.5817423654758767,
                        5.745428601988681,
                        7.45823725457852
                    ],
                    [
                        1.8349164793336963,
                        -7.213065832785772e-10,
                        -3.163003953401585,
                        2.295201087076847,
                        7.45823725457852,
                        11.280044942284919
                    ]
                ],
                "mui": [
                    0.0,
                    1.0,
                    -0.8356748542415482,
                    -0.18890324057352714,
                    -0.3541026009744665,
                    -0.7213065832785772
                ],
                "Ai": [
                    [
                        0.0,
                        0.0,
                        0.0,
                        0.0,
                        0.0,
                        0.0
                    ],
                    [
                        0.0,
                        0.0,
                        0.0,
                        0.0,
                        0.0,
                        0.0
                    ],
                    [
                        -0.5418950400107494,
                        -0.8356748542415482,
                        0.0,
                        0.0,
                        0.0,
                        0.0
                    ],
                    [
                        -0.5987103092369251,
                        -0.7259007293557086,
                        -0.6425914170524565,
                        0.0,
                        0.0,
                        0.0
                    ],
                    [
                        0.9718375486632997,
                        -0.9694632983423594,
                        -0.9427551616343393,
                        0.9130393125745112,
                        0.0,
                        0.0
                    ],
                    [
                        0.8941037971285255,
                        -0.9662623465865513,
                        -0.7306859120861255,
                        0.8157705223100576,
                        0.5974493944976073,
                        0.0
                    ]
                ]
            },
            "est_params": {
                "mui": [
                    -0.0006960905910575192,
                    0.9999996668167109,
                    -0.8324171936230074,
                    -0.19180306644966635,
                    -0.36265956721887843,
                    -0.7312614062081914
                ],
                "Si": [
                    [
                        1.0030229238207193,
                        -3.6200222762638766e-07,
                        -0.5454163993347245,
                        -0.24704178055886236,
                        1.2657634198867407,
                        1.8519333187614413
                    ],
                    [
                        -3.6200222762638766e-07,
                        1.0119442391277557e-06,
                        1.3562541234894092e-07,
                        -3.4228191125685963e-07,
                        -7.70181832477654e-07,
                        -9.973836858113942e-07
                    ],
                    [
                        -0.5454163993347246,
                        1.356254123489408e-07,
                        1.3007651794564588,
                        -0.5115309184795952,
                        -2.2278187072311977,
                        -3.1825361765865794
                    ],
                    [
                        -0.24704178055886236,
                        -3.4228191125685974e-07,
                        -0.5115309184795952,
                        1.4699359800505458,
                        1.587325289259634,
                        2.2943806468686794
                    ],
                    [
                        1.2657634198867407,
                        -7.701818324776534e-07,
                        -2.2278187072311977,
                        1.587325289259634,
                        5.796362580798349,
                        7.509592186659454
                    ],
                    [
                        1.8519333187614413,
                        -9.97383685811394e-07,
                        -3.18253617658658,
                        2.2943806468686794,
                        7.5095921866594555,
                        11.327691536080469
                    ]
                ]
            },
            "est_tgt": [
                1,
                2,
                3
            ],
            "oracle_est_tgt": [
                1
            ]
        },
        "2": {
            "intv_type": "do",
            "inode": 2,
            "new_mui": 1.0,
            "new_vari": null,
            "noise_type": "gaussian",
            "obs_noise_gamma_shape": null,
            "true_params": {
                "Si": [
                    [
                        1.0,
                        -0.6968921622735229,
                        0.0,
                        -0.09283578036029805,
                        1.5626862058074433,
                        2.4253776875805535
                    ],
                    [
                        -0.6968921622735229,
                        1.485658685838266,
                        0.0,
                        -0.6612042016440707,
                        -2.7212629701907884,
                        -4.223837787220676
                    ],
                    [
                        0.0,
                        0.0,
                        1e-09,
                        -6.425914170524565e-10,
                        -1.5294663873261953e-09,
                        -2.1686718150194462e-09
                    ],
                    [
                        -0.09283578036029805,
                        -0.6612042016440707,
                        -6.425914170524565e-10,
                        1.5355503514071789,
                        1.9528097468682568,
                        2.97525361322978
                    ],
                    [
                        1.5626862058074433,
                        -2.7212629701907884,
                        -1.5294663873261953e-09,
                        1.9528097468682568,
                        6.939833776631257,
                        9.76590172964328
                    ],
                    [
                        2.4253776875805535,
                        -4.223837787220676,
                        -2.1686718150194462e-09,
                        2.97525361322978,
                        9.76590172964328,
                        15.51163108256985
                    ]
                ],
                "mui": [
                    0.0,
                    0.0,
                    1.0,
                    -0.6425914170524565,
                    -1.529466387326195,
                    -2.168671815019446
                ],
                "Ai": [
                    [
                        0.0,
                        0.0,
                        0.0,
                        0.0,
                        0.0,
                        0.0
                    ],
                    [
                        -0.6968921622735229,
                        0.0,
                        0.0,
                        0.0,
                        0.0,
                        0.0
                    ],
                    [
                        0.0,
                        0.0,
                        0.0,
                        0.0,
                        0.0,
                        0.0
                    ],
                    [
                        -0.5987103092369251,
                        -0.7259007293557086,
                        -0.6425914170524565,
                        0.0,
                        0.0,
                        0.0
                    ],
                    [
                        0.9718375486632997,
                        -0.9694632983423594,
                        -0.9427551616343393,
                        0.9130393125745112,
                        0.0,
                        0.0
                    ],
                    [
                        0.8941037971285255,
                        -0.9662623465865513,
                        -0.7306859120861255,
                        0.8157705223100576,
                        0.5974493944976073,
                        0.0
                    ]
                ]
            },
            "est_params": {
                "mui": [
                    -0.0032003924997610115,
                    0.00563771291866866,
                    0.9999995442365899,
                    -0.6433516020372207,
                    -1.5384570347401378,
                    -2.1845805796069624
                ],
                "Si": [
                    [
                        1.001048889697973,
                        -0.6982523205673915,
                        -1.2379320061385276e-07,
                        -0.08845579846412052,
                        1.5688537457540754,
                        2.427652822424844
                    ],
                    [
                        -0.6982523205673915,
                        1.4818910789327588,
                        4.183969860719759e-07,
                        -0.6588835716917512,
                        -2.7168884385323744,
                        -4.210701129996981
                    ],
                    [
                        -1.2379320061385273e-07,
                        4.183969860719759e-07,
                        1.0112427918653944e-06,
                        -7.31890103703131e-07,
                        -1.1350560588883063e-06,
                        -1.5108193181086307e-06
                    ],
                    [
                        -0.08845579846412051,
                        -0.6588835716917512,
                        -7.31890103703131e-07,
                        1.529085539724809,
                        1.9514296649512632,
                        2.973644038993127
                    ],
                    [
                        1.5688537457540754,
                        -2.7168884385323757,
                        -1.1350560588883067e-06,
                        1.9514296649512632,
                        6.93994209772898,
                        9.757806418091416
                    ],
                    [
                        2.427652822424844,
                        -4.210701129996981,
                        -1.5108193181086311e-06,
                        2.973644038993127,
                        9.757806418091416,
                        15.479155714971197
                    ]
                ]
            },
            "est_tgt": [
                1,
                2,
                3
            ],
            "oracle_est_tgt": [
                2,
                3,
                4
            ]
        },
        "3": {
            "intv_type": "do",
            "inode": 3,
            "new_mui": 1.0,
            "new_vari": null,
            "noise_type": "gaussian",
            "obs_noise_gamma_shape": null,
            "true_params": {
                "Si": [
                    [
                        1.0,
                        -0.6968921622735229,
                        0.04048021611925423,
                        0.0,
                        1.6092859901994276,
                        2.499373069946305
                    ],
                    [
                        -0.6968921622735229,
                        1.485658685838266,
                        -0.8638851995821948,
                        0.0,
                        -1.3031253094846824,
                        -2.2059526585943505
                    ],
                    [
                        0.04048021611925423,
                        -0.8638851995821948,
                        1.6999911099086944,
                        0.0,
                        -0.7258302046201123,
                        -0.8048731158698085
                    ],
                    [
                        0.0,
                        0.0,
                        0.0,
                        1e-09,
                        9.130393125745113e-10,
                        1.361265306760211e-09
                    ],
                    [
                        1.6092859901994276,
                        -1.3031253094846824,
                        -0.7258302046201123,
                        9.130393125745113e-10,
                        4.511576885209391,
                        5.92382241806713
                    ],
                    [
                        2.499373069946305,
                        -2.2059526585943505,
                        -0.8048731158698085,
                        1.361265306760211e-09,
                        5.92382241806713,
                        9.493521509310963
                    ]
                ],
                "mui": [
                    0.0,
                    0.0,
                    0.0,
                    1.0,
                    0.9130393125745112,
                    1.361265306760211
                ],
                "Ai": [
                    [
                        0.0,
                        0.0,
                        0.0,
                        0.0,
                        0.0,
                        0.0
                    ],
                    [
                        -0.6968921622735229,
                        0.0,
                        0.0,
                        0.0,
                        0.0,
                        0.0
                    ],
                    [
                        -0.5418950400107494,
                        -0.8356748542415482,
                        0.0,
                        0.0,
                        0.0,
                        0.0
                    ],
                    [
                        0.0,
                        0.0,
                        0.0,
                        0.0,
                        0.0,
                        0.0
                    ],
                    [
                        0.9718375486632997,
                        -0.9694632983423594,
                        -0.9427551616343393,
                        0.9130393125745112,
                        0.0,
                        0.0
                    ],
                    [
                        0.8941037971285255,
                        -0.9662623465865513,
                        -0.7306859120861255,
                        0.8157705223100576,
                        0.5974493944976073,
                        0.0
                    ]
                ]
            },
            "est_params": {
                "mui": [
                    -0.0024162551280065545,
                    0.0024541396625133082,
                    -0.003294117213742296,
                    0.9999999347384226,
                    0.9116899560939891,
                    1.359256903682546
                ],
                "Si": [
                    [
                        0.9954756205897927,
                        -0.6969530730433473,
                        0.043186178634738205,
                        -2.1195362063001463e-07,
                        1.5970316083570015,
                        2.4823592661269998
                    ],
                    [
                        -0.6969530730433474,
                        1.4909340812838887,
                        -0.8687391319202838,
                        3.2533116981531894e-07,
                        -1.298936134885828,
                        -2.1966041356127906
                    ],
                    [
                        0.0431861786347382,
                        -0.8687391319202838,
                        1.7022676749597603,
                        4.955528227568958e-08,
                        -0.7211176831361358,
                        -0.7993123426218983
                    ],
                    [
                        -2.119536206300148e-07,
                        3.25331169815319e-07,
                        4.9555282275689206e-08,
                        1.011540775855589e-06,
                        -5.414108875135575e-07,
                        -5.816992398396882e-07
                    ],
                    [
                        1.5970316083570015,
                        -1.298936134885828,
                        -0.7211176831361357,
                        -5.414108875135572e-07,
                        4.478231063752332,
                        5.873495160085688
                    ],
                    [
                        2.4823592661269998,
                        -2.1966041356127906,
                        -0.7993123426218983,
                        -5.816992398396876e-07,
                        5.873495160085689,
                        9.410273496973566
                    ]
                ]
            },
            "est_tgt": [
                1,
                2,
                3
            ],
            "oracle_est_tgt": [
                2,
                3,
                4
            ]
        },
        "4": {
            "intv_type": "do",
            "inode": 4,
            "new_mui": 1.0,
            "new_vari": null,
            "noise_type": "gaussian",
            "obs_noise_gamma_shape": null,
            "true_params": {
                "Si": [
                    [
                        1.0,
                        -0.6968921622735229,
                        0.04048021611925423,
                        -0.11884801979895931,
                        0.0,
                        1.4409534183412616
                    ],
                    [
                        -0.6968921622735229,
                        1.485658685838266,
                        -0.8638851995821948,
                        -0.10607898707390392,
                        0.0,
                        -1.5139373421796203
                    ],
                    [
                        0.04048021611925423,
                        -0.8638851995821948,
                        1.6999911099086944,
                        -0.48954072254722536,
                        0.0,
                        -0.7705791905358409
                    ],
                    [
                        -0.11884801979895931,
                        -0.10607898707390392,
                        -0.48954072254722536,
                        1.4627330153787979,
                        0.0,
                        1.547192650503547
                    ],
                    [
                        0.0,
                        0.0,
                        0.0,
                        0.0,
                        1e-09,
                        5.974493944976073e-10
                    ],
                    [
                        1.4409534183412616,
                        -1.5139373421796203,
                        -0.7705791905358409,
                        1.547192650503547,
                        5.974493944976073e-10,
                        5.576428087307513
                    ]
                ],
                "mui": [
                    0.0,
                    0.0,
                    0.0,
                    0.0,
                    1.0,
                    0.5974493944976073
                ],
                "Ai": [
                    [
                        0.0,
                        0.0,
                        0.0,
                        0.0,
                        0.0,
                        0.0
                    ],
                    [
                        -0.6968921622735229,
                        0.0,
                        0.0,
                        0.0,
                        0.0,
                        0.0
                    ],
                    [
                        -0.5418950400107494,
                        -0.8356748542415482,
                        0.0,
                        0.0,
                        0.0,
                        0.0
                    ],
                    [
                        -0.5987103092369251,
                        -0.7259007293557086,
                        -0.6425914170524565,
                        0.0,
                        0.0,
                        0.0
                    ],
                    [
                        0.0,
                        0.0,
                        0.0,
                        0.0,
                        0.0,
                        0.0
                    ],
                    [
                        0.8941037971285255,
                        -0.9662623465865513,
                        -0.7306859120861255,
                        0.8157705223100576,
                        0.5974493944976073,
                        0.0
                    ]
                ]
            },
            "est_params": {
                "mui": [
                    0.0031897380557478114,
                    -0.004144366156806647,
                    -0.003633601480773549,
                    0.0007593205884140907,
                    1.0000000548052381,
                    0.6052280897474661
                ],
                "Si": [
                    [
                        1.0005441785271192,
                        -0.6983018755353873,
                        0.0455988608340956,
                        -0.11952994227152498,
                        5.5466635367939064e-08,
                        1.4341081117906893
                    ],
                    [
                        -0.6983018755353874,
                        1.483039758513224,
                        -0.8653841232341697,
                        -0.10581189156529973,
                        -2.3836872222908753e-07,
                        -1.5072047030069464
                    ],
                    [
                        0.045598860834095596,
                        -0.8653841232341697,
                        1.700416719542741,
                        -0.4899008937872758,
                        2.3530931076523973e-07,
                        -0.7692465523911153
                    ],
                    [
                        -0.11952994227152498,
                        -0.10581189156529974,
                        -0.4899008937872758,
                        1.4630244355889388,
                        -1.1261283243800343e-09,
                        1.5487013083993075
                    ],
                    [
                        5.546663536793898e-08,
                        -2.3836872222908753e-07,
                        2.3530931076523973e-07,
                        -1.1261283243800343e-09,
                        1.0085617845810462e-06,
                        3.0912456319776736e-07
                    ],
                    [
                        1.4341081117906893,
                        -1.5072047030069464,
                        -0.7692465523911153,
                        1.5487013083993073,
                        3.0912456319776725e-07,
                        5.555216317432213
                    ]
                ]
            },
            "est_tgt": [
                4
            ],
            "oracle_est_tgt": [
                2,
                4
            ]
        },
        "5": {
            "intv_type": "do",
            "inode": 5,
            "new_mui": 1.0,
            "new_vari": null,
            "noise_type": "gaussian",
            "obs_noise_gamma_shape": null,
            "true_params": {
                "Si": [
                    [
                        1.0,
                        -0.6968921622735229,
                        0.04048021611925423,
                        -0.11884801979895931,
                        1.500773075901344,
                        0.0
                    ],
                    [
                        -0.6968921622735229,
                        1.485658685838266,
                        -0.8638851995821948,
                        -0.10607898707390392,
                        -1.3999795949212401,
                        0.0
                    ],
                    [
                        0.04048021611925423,
                        -0.8638851995821948,
                        1.6999911099086944,
                        -0.48954072254722536,
                        -1.1728001294118604,
                        0.0
                    ],
                    [
                        -0.11884801979895931,
                        -0.10607898707390392,
                        -0.48954072254722536,
                        1.4627330153787979,
                        1.7843885063216756,
                        0.0
                    ],
                    [
                        1.500773075901344,
                        -1.3999795949212401,
                        -1.1728001294118604,
                        1.7843885063216756,
                        6.550616693634443,
                        0.0
                    ],
                    [
                        0.0,
                        0.0,
                        0.0,
                        0.0,
                        0.0,
                        1e-09
                    ]
                ],
                "mui": [
                    0.0,
                    0.0,
                    0.0,
                    0.0,
                    0.0,
                    1.0
                ],
                "Ai": [
                    [
                        0.0,
                        0.0,
                        0.0,
                        0.0,
                        0.0,
                        0.0
                    ],
                    [
                        -0.6968921622735229,
                        0.0,
                        0.0,
                        0.0,
                        0.0,
                        0.0
                    ],
                    [
                        -0.5418950400107494,
                        -0.8356748542415482,
                        0.0,
                        0.0,
                        0.0,
                        0.0
                    ],
                    [
                        -0.5987103092369251,
                        -0.7259007293557086,
                        -0.6425914170524565,
                        0.0,
                        0.0,
                        0.0
                    ],
                    [
                        0.9718375486632997,
                        -0.9694632983423594,
                        -0.9427551616343393,
                        0.9130393125745112,
                        0.0,
                        0.0
                    ],
                    [
                        0.0,
                        0.0,
                        0.0,
                        0.0,
                        0.0,
                        0.0
                    ]
                ]
            },
            "est_params": {
                "mui": [
                    0.00365519793895697,
                    -0.00028411312065854507,
                    -0.0048991818506206155,
                    0.0023001127283428123,
                    0.0072740611900425235,
                    0.9999999907325138
                ],
                "Si": [
                    [
                        1.0070717159129146,
                        -0.6975944693216343,
                        0.0424871633231514,
                        -0.126253250782041,
                        1.5045386088526729,
                        2.896991953414513e-07
                    ],
                    [
                        -0.6975944693216344,
                        1.4853823508381372,
                        -0.8670425341182811,
                        -0.1043325526520452,
                        -1.4000446842424765,
                        -3.1151529572325343e-07
                    ],
                    [
                        0.0424871633231514,
                        -0.8670425341182811,
                        1.7002185937241283,
                        -0.48297253898011244,
                        -1.1652938292540598,
                        1.57700976418702e-07
                    ],
                    [
                        -0.12625325078204103,
                        -0.10433255265204523,
                        -0.48297253898011255,
                        1.4561736632199742,
                        1.764547528597164,
                        -5.97062288841706e-07
                    ],
                    [
                        1.5045386088526729,
                        -1.4000446842424765,
                        -1.1652938292540598,
                        1.764547528597164,
                        6.5435928049779815,
                        1.1014492347399773e-07
                    ],
                    [
                        2.896991953414514e-07,
                        -3.115152957232535e-07,
                        1.5770097641870208e-07,
                        -5.970622888417062e-07,
                        1.101449234739976e-07,
                        1.0066419041696793e-06
                    ]
                ]
            },
            "est_tgt": [
                5
            ],
            "oracle_est_tgt": [
                5
            ]
        },
        "obs": {
            "intv_type": "obs",
            "noise_type": "gaussian",
            "obs_noise_gamma_shape": null,
            "true_params": {
                "Si": [
                    [
                        1.0,
                        -0.6968921622735229,
                        0.04048021611925423,
                        -0.11884801979895931,
                        1.500773075901344,
                        2.337589383816831
                    ],
                    [
                        -0.6968921622735229,
                        1.485658685838266,
                        -0.8638851995821948,
                        -0.10607898707390392,
                        -1.3999795949212401,
                        -2.3503543034743206
                    ],
                    [
                        0.04048021611925423,
                        -0.8638851995821948,
                        1.6999911099086944,
                        -0.48954072254722536,
                        -1.1728001294118604,
                        -1.4712679177196721
                    ],
                    [
                        -0.11884801979895931,
                        -0.10607898707390392,
                        -0.48954072254722536,
                        1.4627330153787979,
                        1.7843885063216756,
