{
    "expt_args": {
        "save_dir": "all_expt_logs/expt_logs_sim_compsel_backward_cameraready_density_var",
        "exp_name": "336",
        "num_nodes": 6,
        "num_tgt_prior": 7,
        "obs_noise_mean": 0.0,
        "obs_noise_var": 1.0,
        "obs_noise_gamma_shape": null,
        "noise_type": "gaussian",
        "max_edge_strength": 1.0,
        "graph_sparsity_method": "adj_dense_prop",
        "adj_dense_prop": 0.6,
        "num_parents": null,
        "new_noise_mean": 1.0,
        "mix_samples": 65536,
        "stage2_samples": 65536,
        "gmm_tol": 0.001,
        "intv_type": "do",
        "new_noise_var": null,
        "dtype": "simulation",
        "cutoff_drop_ratio": 0.07,
        "intv_targets": [
            0,
            1,
            2,
            3,
            4,
            5
        ]
    },
    "intv_args_dict": {
        "0": {
            "intv_type": "do",
            "inode": 0,
            "new_mui": 1.0,
            "new_vari": null,
            "noise_type": "gaussian",
            "obs_noise_gamma_shape": null,
            "true_params": {
                "Si": [
                    [
                        1e-09,
                        0.0,
                        0.0,
                        8.677518317305687e-10,
                        6.239582648420456e-10,
                        0.0
                    ],
                    [
                        0.0,
                        1.0,
                        -0.8648194071127016,
                        -0.13818020450137647,
                        0.1246035092496792,
                        -0.9353828978692952
                    ],
                    [
                        0.0,
                        -0.8648194071127016,
                        1.7479126069187645,
                        0.8629639697493156,
                        0.9735589346504666,
                        0.8089372831586845
                    ],
                    [
                        8.677518317305687e-10,
                        -0.13818020450137647,
                        0.8629639697493156,
                        1.5718310722472981,
                        1.5057540950394768,
                        0.12925140011466935
                    ],
                    [
                        6.239582648420456e-10,
                        0.1246035092496792,
                        0.9735589346504666,
                        1.5057540950394768,
                        2.7018107372932754,
                        -0.11655199156664846
                    ],
                    [
                        0.0,
                        -0.9353828978692952,
                        0.8089372831586845,
                        0.12925140011466935,
                        -0.11655199156664846,
                        1.8749411656263604
                    ]
                ],
                "mui": [
                    1.0,
                    0.0,
                    0.0,
                    0.8677518317305686,
                    0.6239582648420456,
                    0.0
                ],
                "Ai": [
                    [
                        0.0,
                        0.0,
                        0.0,
                        0.0,
                        0.0,
                        0.0
                    ],
                    [
                        0.0,
                        0.0,
                        0.0,
                        0.0,
                        0.0,
                        0.0
                    ],
                    [
                        -0.0,
                        -0.8648194071127016,
                        0.0,
                        0.0,
                        0.0,
                        0.0
                    ],
                    [
                        0.8677518317305686,
                        0.5047810672036575,
                        0.7434630472177233,
                        0.0,
                        0.0,
                        0.0
                    ],
                    [
                        0.0,
                        0.6967851167855097,
                        0.5467302409720215,
                        0.7190515099203856,
                        0.0,
                        0.0
                    ],
                    [
                        -0.0,
                        -0.9353828978692952,
                        -0.0,
                        -0.0,
                        -0.0,
                        0.0
                    ]
                ]
            },
            "est_params": {
                "mui": [
                    1.0000006514207038,
                    0.003149998911688424,
                    -0.0002809394385904586,
                    0.8685491156260488,
                    0.6142120583530859,
                    -0.010398277665089453
                ],
                "Si": [
                    [
                        1.0096880880732076e-06,
                        -1.6496339596587034e-07,
                        5.754365773263328e-07,
                        -3.86344541823966e-07,
                        9.485475575307969e-07,
                        -9.54957708363274e-07
                    ],
                    [
                        -1.6496339596587053e-07,
                        0.9605843084973553,
                        -0.8146997581208898,
                        -0.12590866965795017,
                        0.12902660036950706,
                        -0.8957376057512462
                    ],
                    [
                        5.754365773263327e-07,
                        -0.8146997581208898,
                        1.6884310474550674,
                        0.8484688214753181,
                        0.956145225651035,
                        0.7452261391122843
                    ],
                    [
                        -3.8634454182396613e-07,
                        -0.12590866965795017,
                        0.8484688214753181,
                        1.557034313531762,
                        1.4902147375383388,
                        0.11283887563093849
                    ],
                    [
                        9.485475575307969e-07,
                        0.12902660036950708,
                        0.956145225651035,
                        1.4902147375383388,
                        2.671199393800794,
                        -0.12989962768517263
                    ],
                    [
                        -9.549577083632737e-07,
                        -0.8957376057512462,
                        0.7452261391122843,
                        0.11283887563093846,
                        -0.1298996276851726,
                        1.8397932214457995
                    ]
                ]
            },
            "est_tgt": [
                0
            ],
            "oracle_est_tgt": [
                0
            ]
        },
        "1": {
            "intv_type": "do",
            "inode": 1,
            "new_mui": 1.0,
            "new_vari": null,
            "noise_type": "gaussian",
            "obs_noise_gamma_shape": null,
            "true_params": {
                "Si": [
                    [
                        1.0,
                        0.0,
                        0.0,
                        0.8677518317305686,
                        0.6239582648420456,
                        0.0
                    ],
                    [
                        0.0,
                        1e-09,
                        -8.648194071127016e-10,
                        -1.3818020450137647e-10,
                        1.246035092496792e-10,
                        -9.353828978692953e-10
                    ],
                    [
                        0.0,
                        -8.648194071127016e-10,
                        1.0000000007479126,
                        0.7434630473372242,
                        1.0813184675361767,
                        8.089372831586846e-10
                    ],
                    [
                        0.8677518317305686,
                        -1.3818020450137647e-10,
                        0.7434630473372242,
                        2.3057305440691134,
                        2.06441276011064,
                        1.2925140011466936e-10
                    ],
                    [
                        0.6239582648420456,
                        1.246035092496792e-10,
                        1.0813184675361767,
                        2.06441276011064,
                        3.0756086186668394,
                        -1.1655199156664847e-10
                    ],
                    [
                        0.0,
                        -9.353828978692953e-10,
                        8.089372831586846e-10,
                        1.2925140011466936e-10,
                        -1.1655199156664847e-10,
                        1.0000000008749412
                    ]
                ],
                "mui": [
                    0.0,
                    1.0,
                    -0.8648194071127016,
                    -0.13818020450137647,
                    0.1246035092496792,
                    -0.9353828978692952
                ],
                "Ai": [
                    [
                        0.0,
                        0.0,
                        0.0,
                        0.0,
                        0.0,
                        0.0
                    ],
                    [
                        0.0,
                        0.0,
                        0.0,
                        0.0,
                        0.0,
                        0.0
                    ],
                    [
                        -0.0,
                        -0.8648194071127016,
                        0.0,
                        0.0,
                        0.0,
                        0.0
                    ],
                    [
                        0.8677518317305686,
                        0.5047810672036575,
                        0.7434630472177233,
                        0.0,
                        0.0,
                        0.0
                    ],
                    [
                        0.0,
                        0.6967851167855097,
                        0.5467302409720215,
                        0.7190515099203856,
                        0.0,
                        0.0
                    ],
                    [
                        -0.0,
                        -0.9353828978692952,
                        -0.0,
                        -0.0,
                        -0.0,
                        0.0
                    ]
                ]
            },
            "est_params": {
                "mui": [
                    0.019099460020667997,
                    0.9999999728124441,
                    -0.8637734173145843,
                    -0.10659279141013679,
                    0.14775773293160588,
                    -0.9219755735142622
                ],
                "Si": [
                    [
                        1.0034453972901545,
                        -1.6333615994504662e-07,
                        -0.015748834020688506,
                        0.8333375755969663,
                        0.6115281883807594,
                        -0.005423628431321855
                    ],
                    [
                        -1.6333615994504622e-07,
                        1.0123965731459332e-06,
                        -1.1604142210894376e-07,
                        -1.396278001396889e-06,
                        -2.769324381443607e-06,
                        9.993021354654056e-07
                    ],
                    [
                        -0.015748834020688506,
                        -1.1604142210894394e-07,
                        1.0000199214517818,
                        0.7216635492593901,
                        1.054886918786398,
                        0.004576547349134352
                    ],
                    [
                        0.8333375755969663,
                        -1.3962780013968894e-06,
                        0.7216635492593901,
                        2.2180429444850365,
                        1.989398099811698,
                        -0.015202859611513022
                    ],
                    [
                        0.6115281883807593,
                        -2.769324381443607e-06,
                        1.0548869187863983,
                        1.989398099811698,
                        2.9905144175949823,
                        -0.019319868659562534
                    ],
                    [
                        -0.005423628431321855,
                        9.993021354654058e-07,
                        0.004576547349134353,
                        -0.015202859611513022,
                        -0.01931986865956253,
                        0.977142023682015
                    ]
                ]
            },
            "est_tgt": [
                1
            ],
            "oracle_est_tgt": [
                1
            ]
        },
        "2": {
            "intv_type": "do",
            "inode": 2,
            "new_mui": 1.0,
            "new_vari": null,
            "noise_type": "gaussian",
            "obs_noise_gamma_shape": null,
            "true_params": {
                "Si": [
                    [
                        1.0,
                        0.0,
                        0.0,
                        0.8677518317305686,
                        0.6239582648420456,
                        0.0
                    ],
                    [
                        0.0,
                        1.0,
                        0.0,
                        0.5047810672036575,
                        1.0597487053375232,
                        -0.9353828978692952
                    ],
                    [
                        0.0,
                        0.0,
                        1e-09,
                        7.434630472177233e-10,
                        1.0813184676439362e-09,
                        0.0
                    ],
                    [
                        0.8677518317305686,
                        0.5047810672036575,
                        7.434630472177233e-10,
                        2.007797167831758,
                        1.7954335204123875,
                        -0.47216357743051257
                    ],
                    [
                        0.6239582648420456,
                        1.0597487053375232,
                        1.0813184676439362e-09,
                        1.7954335204123875,
                        3.029426309817289,
                        -0.9912708150118462
                    ],
                    [
                        0.0,
                        -0.9353828978692952,
                        0.0,
                        -0.47216357743051257,
                        -0.9912708150118462,
                        1.8749411656263604
                    ]
                ],
                "mui": [
                    0.0,
                    0.0,
                    1.0,
                    0.7434630472177233,
                    1.0813184676439362,
                    0.0
                ],
                "Ai": [
                    [
                        0.0,
                        0.0,
                        0.0,
                        0.0,
                        0.0,
                        0.0
                    ],
                    [
                        0.0,
                        0.0,
                        0.0,
                        0.0,
                        0.0,
                        0.0
                    ],
                    [
                        0.0,
                        0.0,
                        0.0,
                        0.0,
                        0.0,
                        0.0
                    ],
                    [
                        0.8677518317305686,
                        0.5047810672036575,
                        0.7434630472177233,
                        0.0,
                        0.0,
                        0.0
                    ],
                    [
                        0.0,
                        0.6967851167855097,
                        0.5467302409720215,
                        0.7190515099203856,
                        0.0,
                        0.0
                    ],
                    [
                        -0.0,
                        -0.9353828978692952,
                        -0.0,
                        -0.0,
                        -0.0,
                        0.0
                    ]
                ]
            },
            "est_params": {
                "mui": [
                    -0.0035132179835415567,
                    -0.004768647721484086,
                    0.9999998701476862,
                    0.7387893767383273,
                    1.063015757713613,
                    0.004123850492560877
                ],
                "Si": [
                    [
                        1.0030778438350607,
                        0.007172644250045083,
                        -8.357150061225208e-07,
                        0.8643922546204611,
                        0.613944186647305,
                        0.011146669629019315
                    ],
                    [
                        0.007172644250045083,
                        1.0091108518319851,
                        2.98109939780007e-07,
                        0.5021129513740773,
                        1.050139663175232,
                        -0.9437470539513866
                    ],
                    [
                        -8.357150061225212e-07,
                        2.9810993978000697e-07,
                        1.009363383781773e-06,
                        -7.667926809212554e-07,
                        -1.0142335771277852e-06,
                        -4.4477568815358864e-07
                    ],
                    [
                        0.8643922546204611,
                        0.5021129513740773,
                        -7.667926809212554e-07,
                        1.9972521974819337,
                        1.7726232781230045,
                        -0.4533270614612324
                    ],
                    [
                        0.613944186647305,
                        1.050139663175232,
                        -1.0142335771277854e-06,
                        1.7726232781230045,
                        3.0012148065838806,
                        -0.9686973708821469
                    ],
                    [
                        0.011146669629019309,
                        -0.9437470539513864,
                        -4.4477568815358853e-07,
                        -0.4533270614612324,
                        -0.9686973708821471,
                        1.8983717567418685
                    ]
                ]
            },
            "est_tgt": [
                2
            ],
            "oracle_est_tgt": [
                2
            ]
        },
        "3": {
            "intv_type": "do",
            "inode": 3,
            "new_mui": 1.0,
            "new_vari": null,
            "noise_type": "gaussian",
            "obs_noise_gamma_shape": null,
            "true_params": {
                "Si": [
                    [
                        1.0,
                        0.0,
                        0.0,
                        0.0,
                        0.0,
                        0.0
                    ],
                    [
                        0.0,
                        1.0,
                        -0.8648194071127016,
                        0.0,
                        0.2239621939375016,
                        -0.9353828978692952
                    ],
                    [
                        0.0,
                        -0.8648194071127016,
                        1.7479126069187645,
                        0.0,
                        0.3530433891953315,
                        0.8089372831586845
                    ],
                    [
                        0.0,
                        0.0,
                        0.0,
                        1e-09,
                        7.190515099203856e-10,
                        0.0
                    ],
                    [
                        0.0,
                        0.2239621939375016,
                        0.3530433891953315,
                        7.190515099203856e-10,
                        1.3490730212236588,
                        -0.20949040597842536
                    ],
                    [
                        0.0,
                        -0.9353828978692952,
                        0.8089372831586845,
                        0.0,
                        -0.20949040597842536,
                        1.8749411656263604
                    ]
                ],
                "mui": [
                    0.0,
                    0.0,
                    0.0,
                    1.0,
                    0.7190515099203856,
                    0.0
                ],
                "Ai": [
                    [
                        0.0,
                        0.0,
                        0.0,
                        0.0,
                        0.0,
                        0.0
                    ],
                    [
                        0.0,
                        0.0,
                        0.0,
                        0.0,
                        0.0,
                        0.0
                    ],
                    [
                        -0.0,
                        -0.8648194071127016,
                        0.0,
                        0.0,
                        0.0,
                        0.0
                    ],
                    [
                        0.0,
                        0.0,
                        0.0,
                        0.0,
                        0.0,
                        0.0
                    ],
                    [
                        0.0,
                        0.6967851167855097,
                        0.5467302409720215,
                        0.7190515099203856,
                        0.0,
                        0.0
                    ],
                    [
                        -0.0,
                        -0.9353828978692952,
                        -0.0,
                        -0.0,
                        -0.0,
                        0.0
                    ]
                ]
            },
            "est_params": {
                "mui": [
                    -0.002709173117584425,
                    0.008793296146027871,
                    -0.009067054359951166,
                    1.0000002461249937,
                    0.7248464095035939,
                    -0.01744023484459181
                ],
                "Si": [
                    [
                        1.011639599629651,
                        0.0043357830283582525,
                        -0.000397233523631052,
                        4.154151890509404e-07,
                        -0.00018120065690835054,
                        0.000940506343364913
                    ],
                    [
                        0.004335783028358247,
                        1.015826585505076,
                        -0.876726229397085,
                        6.051262082083036e-08,
                        0.22553072363630278,
                        -0.9498996823978192
                    ],
                    [
                        -0.0003972335236310487,
                        -0.876726229397085,
                        1.7612337155024882,
                        -8.826315431351895e-07,
                        0.34654939199526213,
                        0.8315933313787003
                    ],
                    [
                        4.154151890509403e-07,
                        6.051262082083036e-08,
                        -8.82631543135189e-07,
                        1.0089921426663715e-06,
                        7.390416439161949e-08,
                        -6.473248272960971e-09
                    ],
                    [
                        -0.00018120065690835458,
                        0.22553072363630278,
                        0.34654939199526213,
                        7.390416439161949e-08,
                        1.3526426702561798,
                        -0.2205942659433367
                    ],
                    [
                        0.0009405063433649119,
                        -0.9498996823978192,
                        0.8315933313787003,
                        -6.473248272961133e-09,
                        -0.22059426594333675,
                        1.8881892695240086
                    ]
                ]
            },
            "est_tgt": [
                3
            ],
            "oracle_est_tgt": [
                3
            ]
        },
        "4": {
            "intv_type": "do",
            "inode": 4,
            "new_mui": 1.0,
            "new_vari": null,
            "noise_type": "gaussian",
            "obs_noise_gamma_shape": null,
            "true_params": {
                "Si": [
                    [
                        1.0,
                        0.0,
                        0.0,
                        0.8677518317305686,
                        0.0,
                        0.0
                    ],
                    [
                        0.0,
                        1.0,
                        -0.8648194071127016,
                        -0.13818020450137647,
                        0.0,
                        -0.9353828978692952
                    ],
                    [
                        0.0,
                        -0.8648194071127016,
                        1.7479126069187645,
                        0.8629639697493156,
                        0.0,
                        0.8089372831586845
                    ],
                    [
                        0.8677518317305686,
                        -0.13818020450137647,
                        0.8629639697493156,
                        2.324824312966062,
                        0.0,
                        0.12925140011466935
                    ],
                    [
                        0.0,
                        0.0,
                        0.0,
                        0.0,
                        1e-09,
                        0.0
                    ],
                    [
                        0.0,
                        -0.9353828978692952,
                        0.8089372831586845,
                        0.12925140011466935,
                        0.0,
                        1.8749411656263604
                    ]
                ],
                "mui": [
                    0.0,
                    0.0,
                    0.0,
                    0.0,
                    1.0,
                    0.0
                ],
                "Ai": [
                    [
                        0.0,
                        0.0,
                        0.0,
                        0.0,
                        0.0,
                        0.0
                    ],
                    [
                        0.0,
                        0.0,
                        0.0,
                        0.0,
                        0.0,
                        0.0
                    ],
                    [
                        -0.0,
                        -0.8648194071127016,
                        0.0,
                        0.0,
                        0.0,
                        0.0
                    ],
                    [
                        0.8677518317305686,
                        0.5047810672036575,
                        0.7434630472177233,
                        0.0,
                        0.0,
                        0.0
                    ],
                    [
                        0.0,
                        0.0,
                        0.0,
                        0.0,
                        0.0,
                        0.0
                    ],
                    [
                        -0.0,
                        -0.9353828978692952,
                        -0.0,
                        -0.0,
                        -0.0,
                        0.0
                    ]
                ]
            },
            "est_params": {
                "mui": [
                    0.01402638724996596,
                    -0.024755438736697274,
                    0.00620680623995766,
                    0.012946840261438181,
                    1.000000235085273,
                    0.011893592378531805
                ],
                "Si": [
                    [
                        0.9907501683693376,
                        0.012450705870416785,
                        -0.023553957409983242,
                        0.8333580498620714,
                        5.254550076391452e-07,
                        -0.015020685544157962
                    ],
                    [
                        0.012450705870416787,
                        1.0192456636722746,
                        -0.8627349789595863,
                        -0.10910844634793063,
                        6.856172742906175e-07,
                        -0.9635443225544119
                    ],
                    [
                        -0.023553957409983246,
                        -0.8627349789595863,
                        1.7258664952723834,
                        0.8339767752337793,
                        -1.0835249155048466e-06,
                        0.8088762456774625
                    ],
                    [
                        0.8333580498620714,
                        -0.10910844634793061,
                        0.8339767752337793,
                        2.2675824689861996,
                        -1.5686660461313206e-06,
                        0.08567662753886499
                    ],
                    [
                        5.254550076391453e-07,
                        6.856172742906177e-07,
                        -1.0835249155048468e-06,
                        -1.5686660461313202e-06,
                        1.0103712876855868e-06,
                        -2.1431170063096515e-06
                    ],
                    [
                        -0.015020685544157959,
                        -0.9635443225544119,
                        0.8088762456774625,
                        0.08567662753886499,
                        -2.143117006309651e-06,
                        1.9219978351835727
                    ]
                ]
            },
            "est_tgt": [
                4
            ],
            "oracle_est_tgt": [
                4
            ]
        },
        "5": {
            "intv_type": "do",
            "inode": 5,
            "new_mui": 1.0,
            "new_vari": null,
            "noise_type": "gaussian",
            "obs_noise_gamma_shape": null,
            "true_params": {
                "Si": [
                    [
                        1.0,
                        0.0,
                        0.0,
                        0.8677518317305686,
                        0.6239582648420456,
                        0.0
                    ],
                    [
                        0.0,
                        1.0,
                        -0.8648194071127016,
                        -0.13818020450137647,
                        0.1246035092496792,
                        0.0
                    ],
                    [
                        0.0,
                        -0.8648194071127016,
                        1.7479126069187645,
                        0.8629639697493156,
                        0.9735589346504666,
                        0.0
                    ],
                    [
                        0.8677518317305686,
                        -0.13818020450137647,
                        0.8629639697493156,
                        2.324824312966062,
                        2.047195021738148,
                        0.0
                    ],
                    [
                        0.6239582648420456,
                        0.1246035092496792,
                        0.9735589346504666,
                        2.047195021738148,
                        3.091134653168648,
                        0.0
                    ],
                    [
                        0.0,
                        0.0,
                        0.0,
                        0.0,
                        0.0,
                        1e-09
                    ]
                ],
                "mui": [
                    0.0,
                    0.0,
                    0.0,
                    0.0,
                    0.0,
                    1.0
                ],
                "Ai": [
                    [
                        0.0,
                        0.0,
                        0.0,
                        0.0,
                        0.0,
                        0.0
                    ],
                    [
                        0.0,
                        0.0,
                        0.0,
                        0.0,
                        0.0,
                        0.0
                    ],
                    [
                        -0.0,
                        -0.8648194071127016,
                        0.0,
                        0.0,
                        0.0,
                        0.0
                    ],
                    [
                        0.8677518317305686,
                        0.5047810672036575,
                        0.7434630472177233,
                        0.0,
                        0.0,
                        0.0
                    ],
                    [
                        0.0,
                        0.6967851167855097,
                        0.5467302409720215,
                        0.7190515099203856,
                        0.0,
                        0.0
                    ],
                    [
                        0.0,
                        0.0,
                        0.0,
                        0.0,
                        0.0,
                        0.0
                    ]
                ]
            },
            "est_params": {
                "mui": [
                    0.005015446921491702,
                    -0.01832197986867933,
                    0.02266139906310135,
                    0.0016421194277821034,
                    0.023933180149874108,
                    0.9999996569406309
                ],
                "Si": [
                    [
                        1.001164938866197,
                        -0.011953361734389227,
                        0.007187340083097423,
                        0.8653816965464054,
                        0.6167129652793425,
                        -4.362604672028465e-08
                    ],
                    [
                        -0.011953361734389231,
                        1.0053948082684365,
                        -0.8732129886952387,
                        -0.16196131005289183,
                        0.09353519703432245,
                        3.9478729503999635e-07
                    ],
                    [
                        0.007187340083097424,
                        -0.8732129886952386,
                        1.763453500202677,
                        0.8837218463800753,
                        1.015431455842991,
                        9.867699030642527e-08
                    ],
                    [
                        0.8653816965464054,
                        -0.16196131005289183,
                        0.8837218463800753,
                        2.3093663805404745,
                        2.0343044156877217,
                        9.080521586266991e-07
                    ],
                    [
                        0.6167129652793426,
                        0.09353519703432246,
                        1.0154314558429913,
                        2.0343044156877217,
                        3.092209132562066,
                        1.5335663613247553e-06
                    ],
                    [
                        -4.362604672028448e-08,
                        3.9478729503999614e-07,
                        9.867699030642517e-08,
                        9.080521586266991e-07,
                        1.5335663613247555e-06,
                        1.0084224405413657e-06
                    ]
                ]
            },
            "est_tgt": [
                5
            ],
            "oracle_est_tgt": [
                5
            ]
        },
        "obs": {
            "intv_type": "obs",
            "noise_type": "gaussian",
            "obs_noise_gamma_shape": null,
            "true_params": {
                "Si": [
                    [
                        1.0,
                        0.0,
                        0.0,
                        0.8677518317305686,
                        0.6239582648420456,
                        0.0
                    ],
                    [
                        0.0,
                        1.0,
                        -0.8648194071127016,
                        -0.13818020450137647,
                        0.1246035092496792,
                        -0.9353828978692952
                    ],
                    [
                        0.0,
                        -0.8648194071127016,
                        1.7479126069187645,
                        0.8629639697493156,
                        0.9735589346504666,
                        0.8089372831586845
                    ],
                    [
                        0.8677518317305686,
                        -0.13818020450137647,
                        0.8629639697493156,
                        2.324824312966062,
                        2.047195021738148,
                        0.12925140011466935
                    ],
                    [
                        0.6239582648420456,
                        0.1246035092496792,
                        0.9735589346504666,
                        2.047195021738148,
                        3.091134653168648,
                        -0.11655199156664846
                    ],
                    [
                        0.0,
                        -0.9353828978692952,
                        0.8089372831586845,
                        0.12925140011466935,
                        -0.11655199156664846,
                        1.8749411656263604
                    ]
                ],
                "mui": [
                    0.0,
                    0.0,
                    0.0,
                    0.0,
                    0.0,
                    0.0
                ],
                "Ai": [
                    [
                        0.0,
                        0.0,
                        0.0,
                        0.0,
                        0.0,
                        0.0
                    ],
                    [
                        0.0,
                        0.0,
                        0.0,
                        0.0,
                        0.0,
                        0.0
                    ],
                    [
                        -0.0,
                        -0.8648194071127016,
                        0.0,
                        0.0,
                        0.0,
                        0.0
                    ],
                    [
