{
    "expt_args": {
        "save_dir": "all_expt_logs/expt_logs_sim_compsel_backward_cameraready_density_var",
        "exp_name": "286",
        "num_nodes": 6,
        "num_tgt_prior": 7,
        "obs_noise_mean": 0.0,
        "obs_noise_var": 1.0,
        "obs_noise_gamma_shape": null,
        "noise_type": "gaussian",
        "max_edge_strength": 1.0,
        "graph_sparsity_method": "adj_dense_prop",
        "adj_dense_prop": 0.6,
        "num_parents": null,
        "new_noise_mean": 1.0,
        "mix_samples": 1024,
        "stage2_samples": 1024,
        "gmm_tol": 0.001,
        "intv_type": "do",
        "new_noise_var": null,
        "dtype": "simulation",
        "cutoff_drop_ratio": 0.07,
        "intv_targets": [
            0,
            1,
            2,
            3,
            4,
            5
        ]
    },
    "intv_args_dict": {
        "0": {
            "intv_type": "do",
            "inode": 0,
            "new_mui": 1.0,
            "new_vari": null,
            "noise_type": "gaussian",
            "obs_noise_gamma_shape": null,
            "true_params": {
                "Si": [
                    [
                        1e-09,
                        -5.627618239551993e-10,
                        -5.12131345205412e-10,
                        1.2590505130667724e-09,
                        2.040917388949741e-09,
                        -1.4371264402542324e-09
                    ],
                    [
                        -5.627618239551993e-10,
                        1.0000000003167009,
                        0.9100321371628338,
                        -0.8288129869184355,
                        -2.2375364563760463,
                        2.540124598281226
                    ],
                    [
                        -5.12131345205412e-10,
                        0.9100321371628338,
                        1.8281584904068762,
                        -0.7542464535548252,
                        -2.8313383813576984,
                        3.86400010071776
                    ],
                    [
                        1.2590505130667724e-09,
                        -0.8288129869184355,
                        -0.7542464535548252,
                        1.6869309676953634,
                        2.8407362756382106,
                        -2.1149287242236223
                    ],
                    [
                        2.040917388949741e-09,
                        -2.2375364563760463,
                        -2.8313383813576984,
                        2.8407362756382106,
                        7.611430023016633,
                        -7.724319801576643
                    ],
                    [
                        -1.4371264402542324e-09,
                        2.540124598281226,
                        3.86400010071776,
                        -2.1149287242236223,
                        -7.724319801576643,
                        10.497274047180898
                    ]
                ],
                "mui": [
                    1.0,
                    -0.5627618239551992,
                    -0.5121313452054119,
                    1.2590505130667724,
                    2.0409173889497407,
                    -1.4371264402542323
                ],
                "Ai": [
                    [
                        0.0,
                        0.0,
                        0.0,
                        0.0,
                        0.0,
                        0.0
                    ],
                    [
                        -0.5627618239551992,
                        0.0,
                        0.0,
                        0.0,
                        0.0,
                        0.0
                    ],
                    [
                        0.0,
                        0.9100321368746258,
                        0.0,
                        0.0,
                        0.0,
                        0.0
                    ],
                    [
                        0.7926262052295394,
                        -0.82881298620989,
                        -0.0,
                        0.0,
                        0.0,
                        0.0
                    ],
                    [
                        -0.0,
                        -0.6965563165606674,
                        -0.7951082986269271,
                        0.9862370018579998,
                        0.0,
                        0.0
                    ],
                    [
                        -0.0,
                        0.5643377495360551,
                        0.9188147218550828,
                        0.7762527992585346,
                        -0.7968604576950837,
                        0.0
                    ]
                ]
            },
            "oracle_est_tgt": [
                0
            ]
        },
        "1": {
            "intv_type": "do",
            "inode": 1,
            "new_mui": 1.0,
            "new_vari": null,
            "noise_type": "gaussian",
            "obs_noise_gamma_shape": null,
            "true_params": {
                "Si": [
                    [
                        1.0,
                        0.0,
                        0.0,
                        0.7926262052295394,
                        0.7817172922396646,
                        -0.007641288707160854
                    ],
                    [
                        0.0,
                        1e-09,
                        9.100321368746259e-10,
                        -8.2881298620989e-10,
                        -2.237536455227496e-09,
                        2.5401245974724664e-09
                    ],
                    [
                        0.0,
                        9.100321368746259e-10,
                        1.0000000008281584,
                        -7.54246452910026e-10,
                        -0.7951083006631572,
                        1.5524050869276902
                    ],
                    [
                        0.7926262052295394,
                        -8.2881298620989e-10,
                        -7.54246452910026e-10,
                        1.628256301903511,
                        1.6058466146227353,
                        -0.01569715721416673
                    ],
                    [
                        0.7817172922396646,
                        -2.237536455227496e-09,
                        -0.7951083006631572,
                        1.6058466146227353,
                        3.2159425603723455,
                        -2.04667174417988
                    ],
                    [
                        -0.007641288707160854,
                        2.5401245974724664e-09,
                        1.5524050869276902,
                        -0.01569715721416673,
                        -2.04667174417988,
                        4.045099470176246
                    ]
                ],
                "mui": [
                    0.0,
                    1.0,
                    0.9100321368746258,
                    -0.82881298620989,
                    -2.2375364552274957,
                    2.540124597472466
                ],
                "Ai": [
                    [
                        0.0,
                        0.0,
                        0.0,
                        0.0,
                        0.0,
                        0.0
                    ],
                    [
                        0.0,
                        0.0,
                        0.0,
                        0.0,
                        0.0,
                        0.0
                    ],
                    [
                        0.0,
                        0.9100321368746258,
                        0.0,
                        0.0,
                        0.0,
                        0.0
                    ],
                    [
                        0.7926262052295394,
                        -0.82881298620989,
                        -0.0,
                        0.0,
                        0.0,
                        0.0
                    ],
                    [
                        -0.0,
                        -0.6965563165606674,
                        -0.7951082986269271,
                        0.9862370018579998,
                        0.0,
                        0.0
                    ],
                    [
                        -0.0,
                        0.5643377495360551,
                        0.9188147218550828,
                        0.7762527992585346,
                        -0.7968604576950837,
                        0.0
                    ]
                ]
            },
            "est_params": {
                "mui": [
                    -0.1744767833267476,
                    1.0000203990132848,
                    0.8526299983382541,
                    -1.2218349308861962,
                    -2.682749189222917,
                    2.418132025683854
                ],
                "Si": [
                    [
                        1.1338253226410322,
                        1.7265412779030407e-06,
                        0.06438246801244318,
                        1.0229756438867341,
                        1.0034520098204316,
                        0.2081149584307676
                    ],
                    [
                        1.7265412779030415e-06,
                        1.0575390903997758e-06,
                        -1.7618684277854444e-05,
                        -3.035059631518179e-05,
                        -3.75761204524397e-05,
                        -8.330838833583406e-06
                    ],
                    [
                        0.06438246801244317,
                        -1.7618684277854444e-05,
                        0.9708725352536344,
                        0.03540410824049598,
                        -0.7471129065838793,
                        1.5389802156192443
                    ],
                    [
                        1.0229756438867341,
                        -3.035059631518179e-05,
                        0.03540410824049597,
                        1.7911177350822882,
                        1.7705656303396307,
                        0.1357146728706929
                    ],
                    [
                        1.0034520098204316,
                        -3.75761204524397e-05,
                        -0.7471129065838793,
                        1.7705656303396307,
                        3.402903669883483,
                        -1.9104694541161773
                    ],
                    [
                        0.20811495843076763,
                        -8.330838833583408e-06,
                        1.5389802156192443,
                        0.1357146728706928,
                        -1.9104694541161773,
                        3.959611094223041
                    ]
                ]
            },
            "est_tgt": [
                0,
                1
            ],
            "oracle_est_tgt": [
                1,
                3
            ]
        },
        "2": {
            "intv_type": "do",
            "inode": 2,
            "new_mui": 1.0,
            "new_vari": null,
            "noise_type": "gaussian",
            "obs_noise_gamma_shape": null,
            "true_params": {
                "Si": [
                    [
                        1.0,
                        -0.5627618239551992,
                        0.0,
                        1.2590505130667724,
                        1.6337175063899463,
                        -0.64209113596607
                    ],
                    [
                        -0.5627618239551992,
                        1.3167008705013827,
                        0.0,
                        -1.5373585493950763,
                        -2.433356194904831,
                        1.4887304598459778
                    ],
                    [
                        0.0,
                        0.0,
                        1e-09,
                        0.0,
                        -7.951082986269272e-10,
                        1.5524050846160953e-09
                    ],
                    [
                        1.2590505130667724,
                        -1.5373585493950763,
                        0.0,
                        3.2721391605638583,
                        4.297961523776337,
                        -1.752457868036736
                    ],
                    [
                        1.6337175063899463,
                        -2.433356194904831,
                        -7.951082986269272e-10,
                        4.297961523776337,
                        6.933778315945402,
                        -3.5621838580464096
                    ],
                    [
                        -0.64209113596607,
                        1.4887304598459778,
                        1.5524050846160953e-09,
                        -1.752457868036736,
                        -3.5621838580464096,
                        3.318359932672369
                    ]
                ],
                "mui": [
                    0.0,
                    0.0,
                    1.0,
                    0.0,
                    -0.7951082986269271,
                    1.5524050846160953
                ],
                "Ai": [
                    [
                        0.0,
                        0.0,
                        0.0,
                        0.0,
                        0.0,
                        0.0
                    ],
                    [
                        -0.5627618239551992,
                        0.0,
                        0.0,
                        0.0,
                        0.0,
                        0.0
                    ],
                    [
                        0.0,
                        0.0,
                        0.0,
                        0.0,
                        0.0,
                        0.0
                    ],
                    [
                        0.7926262052295394,
                        -0.82881298620989,
                        -0.0,
                        0.0,
                        0.0,
                        0.0
                    ],
                    [
                        -0.0,
                        -0.6965563165606674,
                        -0.7951082986269271,
                        0.9862370018579998,
                        0.0,
                        0.0
                    ],
                    [
                        -0.0,
                        0.5643377495360551,
                        0.9188147218550828,
                        0.7762527992585346,
                        -0.7968604576950837,
                        0.0
                    ]
                ]
            },
            "est_params": {
                "mui": [
                    0.006208563391999728,
                    0.039372793155863554,
                    0.9999866781279056,
                    -0.18387947934797752,
                    -1.056046115491971,
                    1.6781222036109527
                ],
                "Si": [
                    [
                        0.946677624587649,
                        -0.6161763958415499,
                        -1.4642832891183368e-05,
                        1.1934686628792943,
                        1.5442417279148024,
                        -0.6116937533028558
                    ],
                    [
                        -0.6161763958415499,
                        1.1122148287661509,
                        6.3604686548786446e-06,
                        -1.4820688726737343,
                        -2.272396975362124,
                        1.203441984248564
                    ],
                    [
                        -1.4642832891183368e-05,
                        6.3604686548786446e-06,
                        1.0185653679688216e-06,
                        7.806112386569849e-07,
                        2.8566382222124285e-06,
                        -9.201344876272194e-07
                    ],
                    [
                        1.1934686628792943,
                        -1.4820688726737343,
                        7.806112386569849e-07,
                        3.3581254986633797,
                        4.125502927070557,
                        -1.4337132914849273
                    ],
                    [
                        1.5442417279148022,
                        -2.272396975362124,
                        2.8566382222124285e-06,
                        4.125502927070556,
                        6.601602508218007,
                        -3.131456428950969
                    ],
                    [
                        -0.6116937533028558,
                        1.2034419842485642,
                        -9.201344876272194e-07,
                        -1.4337132914849275,
                        -3.131456428950969,
                        2.867197572744903
                    ]
                ]
            },
            "est_tgt": [
                2,
                5
            ],
            "oracle_est_tgt": [
                2,
                5
            ]
        },
        "3": {
            "intv_type": "do",
            "inode": 3,
            "new_mui": 1.0,
            "new_vari": null,
            "noise_type": "gaussian",
            "obs_noise_gamma_shape": null,
            "true_params": {
                "Si": [
                    [
                        1.0,
                        -0.5627618239551992,
                        -0.5121313452054119,
                        0.0,
                        0.7991951857549909,
                        -1.4249886022622924
                    ],
                    [
                        -0.5627618239551992,
                        1.3167008705013827,
                        1.1982401068070532,
                        0.0,
                        -1.8698869610385709,
                        3.334063636133707
                    ],
                    [
                        -0.5121313452054119,
                        1.1982401068070532,
                        2.0904370048865024,
                        0.0,
                        -2.496765525494858,
                        4.586510139882838
                    ],
                    [
                        0.0,
                        0.0,
                        0.0,
                        1e-09,
                        9.862370018579998e-10,
                        -9.640469437858236e-12
                    ],
                    [
                        0.7991951857549909,
                        -1.8698869610385709,
                        -2.496765525494858,
                        9.862370018579998e-10,
                        4.287680563985092,
                        -6.765995817226145
                    ],
                    [
                        -1.4249886022622924,
                        3.334063636133707,
                        4.586510139882838,
                        -9.640469437858236e-12,
                        -6.765995817226145,
                        12.487245531358024
                    ]
                ],
                "mui": [
                    0.0,
                    0.0,
                    0.0,
                    1.0,
                    0.9862370018579998,
                    -0.009640469437858235
                ],
                "Ai": [
                    [
                        0.0,
                        0.0,
                        0.0,
                        0.0,
                        0.0,
                        0.0
                    ],
                    [
                        -0.5627618239551992,
                        0.0,
                        0.0,
                        0.0,
                        0.0,
                        0.0
                    ],
                    [
                        0.0,
                        0.9100321368746258,
                        0.0,
                        0.0,
                        0.0,
                        0.0
                    ],
                    [
                        0.0,
                        0.0,
                        0.0,
                        0.0,
                        0.0,
                        0.0
                    ],
                    [
                        -0.0,
                        -0.6965563165606674,
                        -0.7951082986269271,
                        0.9862370018579998,
                        0.0,
                        0.0
                    ],
                    [
                        -0.0,
                        0.5643377495360551,
                        0.9188147218550828,
                        0.7762527992585346,
                        -0.7968604576950837,
                        0.0
                    ]
                ]
            },
            "est_params": {
                "mui": [
                    -0.03147952188480665,
                    -0.028639620673334035,
                    0.0441076220851686,
                    1.0000001299724999,
                    0.8441626093347266,
                    0.19818300606753717
                ],
                "Si": [
                    [
                        1.1281008919850009,
                        -0.5753730557431634,
                        -0.38997688223281024,
                        8.5815350955852e-07,
                        0.6940951443753667,
                        -1.2320841019695674
                    ],
                    [
                        -0.5753730557431634,
                        1.0650467234770797,
                        0.87025865663125,
                        -4.083904037055107e-06,
                        -1.4410246874280694,
                        2.5176405823702512
                    ],
                    [
                        -0.38997688223281024,
                        0.87025865663125,
                        1.4793391100505084,
                        -2.9261282427142085e-07,
                        -1.962894415998738,
                        3.383466758268203
                    ],
                    [
                        8.581535095585198e-07,
                        -4.0839040370551055e-06,
                        -2.9261282427142096e-07,
                        1.0010033527184348e-06,
                        8.237276621220967e-07,
                        -2.6574382094283566e-06
                    ],
                    [
                        0.6940951443753668,
                        -1.4410246874280692,
                        -1.9628944159987376,
                        8.23727662122096e-07,
                        3.624480849126897,
                        -5.463032136143554
                    ],
                    [
                        -1.2320841019695674,
                        2.5176405823702512,
                        3.3834667582682028,
                        -2.657438209428355e-06,
                        -5.463032136143554,
                        9.784290386583256
                    ]
                ]
            },
            "est_tgt": [
                0,
                3
            ],
            "oracle_est_tgt": [
                1,
                3
            ]
        },
        "4": {
            "intv_type": "do",
            "inode": 4,
            "new_mui": 1.0,
            "new_vari": null,
            "noise_type": "gaussian",
            "obs_noise_gamma_shape": null,
            "true_params": {
                "Si": [
                    [
                        1.0,
                        -0.5627618239551992,
                        -0.5121313452054119,
                        1.2590505130667724,
                        0.0,
                        0.18919992442211353
                    ],
                    [
                        -0.5627618239551992,
                        1.3167008705013827,
                        1.1982401068070532,
                        -1.5373585493950763,
                        0.0,
                        0.6506457790904744
                    ],
                    [
                        -0.5121313452054119,
                        1.1982401068070532,
                        2.0904370048865024,
                        -1.399045685848476,
                        0.0,
                        1.510923290549243
                    ],
                    [
                        1.2590505130667724,
                        -1.5373585493950763,
                        -1.399045685848476,
                        3.2721391605638583,
                        0.0,
                        0.38695394625011365
                    ],
                    [
                        0.0,
                        0.0,
                        0.0,
                        0.0,
                        1e-09,
                        -7.968604576950838e-10
                    ],
                    [
                        0.18919992442211353,
                        0.6506457790904744,
                        1.510923290549243,
                        0.38695394625011365,
                        -7.968604576950838e-10,
                        3.055816622263195
                    ]
                ],
                "mui": [
                    0.0,
                    0.0,
                    0.0,
                    0.0,
                    1.0,
                    -0.7968604576950837
                ],
                "Ai": [
                    [
                        0.0,
                        0.0,
                        0.0,
                        0.0,
                        0.0,
                        0.0
                    ],
                    [
                        -0.5627618239551992,
                        0.0,
                        0.0,
                        0.0,
                        0.0,
                        0.0
                    ],
                    [
                        0.0,
                        0.9100321368746258,
                        0.0,
                        0.0,
                        0.0,
                        0.0
                    ],
                    [
                        0.7926262052295394,
                        -0.82881298620989,
                        -0.0,
                        0.0,
                        0.0,
                        0.0
                    ],
                    [
                        0.0,
                        0.0,
                        0.0,
                        0.0,
                        0.0,
                        0.0
                    ],
                    [
                        -0.0,
                        0.5643377495360551,
                        0.9188147218550828,
                        0.7762527992585346,
                        -0.7968604576950837,
                        0.0
                    ]
                ]
            },
            "est_params": {
                "mui": [
                    -0.013657561300551447,
                    0.0888648396344967,
                    0.040527374718773976,
                    -0.05759579509305098,
                    0.9999998152554987,
                    -0.8675033407124753
                ],
                "Si": [
                    [
                        0.9962168568439752,
                        -0.6211546773338489,
                        -0.5131650904314172,
                        1.3167738596969603,
                        3.51851510130107e-06,
                        0.12910577960472275
                    ],
                    [
                        -0.6211546773338489,
                        1.412824081012382,
                        1.2590023621161892,
                        -1.6381033497870712,
                        -2.184438103021503e-06,
                        0.7297966890243072
                    ],
                    [
                        -0.5131650904314172,
                        1.2590023621161892,
                        2.0747252567353467,
                        -1.445770987196784,
                        -1.4551948676008847e-07,
                        1.6846585941898413
                    ],
                    [
                        1.31677385969696,
                        -1.6381033497870712,
                        -1.445770987196784,
                        3.3978337256479287,
                        2.6673425223685963e-06,
                        0.15672188756460592
                    ],
                    [
                        3.51851510130107e-06,
                        -2.184438103021502e-06,
                        -1.455194867600882e-07,
                        2.6673425223685937e-06,
                        1.00091251311441e-06,
                        3.5342234446303635e-06
                    ],
                    [
                        0.12910577960472275,
                        0.7297966890243072,
                        1.6846585941898413,
                        0.15672188756460595,
                        3.5342234446303635e-06,
                        3.1215525573539664
                    ]
                ]
            },
            "est_tgt": [
                2,
                4,
                5
            ],
            "oracle_est_tgt": [
                2,
                4,
                5
            ]
        },
        "5": {
            "intv_type": "do",
            "inode": 5,
            "new_mui": 1.0,
            "new_vari": null,
            "noise_type": "gaussian",
            "obs_noise_gamma_shape": null,
            "true_params": {
                "Si": [
                    [
                        1.0,
                        -0.5627618239551992,
                        -0.5121313452054119,
                        1.2590505130667724,
                        2.0409173889497407,
                        0.0
                    ],
                    [
                        -0.5627618239551992,
                        1.3167008705013827,
                        1.1982401068070532,
                        -1.5373585493950763,
                        -3.3860868475747345,
                        0.0
                    ],
                    [
                        -0.5121313452054119,
                        1.1982401068070532,
                        2.0904370048865024,
                        -1.399045685848476,
                        -3.876556148168428,
                        0.0
                    ],
                    [
                        1.2590505130667724,
                        -1.5373585493950763,
                        -1.399045685848476,
                        3.2721391605638583,
                        5.410354358752661,
                        0.0
                    ],
                    [
                        2.0409173889497407,
                        -3.3860868475747345,
                        -3.876556148168428,
                        5.410354358752661,
                        11.776773807368716,
                        0.0
                    ],
                    [
                        0.0,
                        0.0,
                        0.0,
                        0.0,
                        0.0,
                        1e-09
                    ]
                ],
                "mui": [
                    0.0,
                    0.0,
                    0.0,
                    0.0,
                    0.0,
                    1.0
                ],
                "Ai": [
                    [
                        0.0,
                        0.0,
                        0.0,
                        0.0,
                        0.0,
                        0.0
                    ],
                    [
                        -0.5627618239551992,
                        0.0,
                        0.0,
                        0.0,
                        0.0,
                        0.0
                    ],
                    [
                        0.0,
                        0.9100321368746258,
                        0.0,
                        0.0,
                        0.0,
                        0.0
                    ],
                    [
                        0.7926262052295394,
                        -0.82881298620989,
                        -0.0,
                        0.0,
                        0.0,
                        0.0
                    ],
                    [
                        -0.0,
                        -0.6965563165606674,
                        -0.7951082986269271,
                        0.9862370018579998,
                        0.0,
                        0.0
                    ],
                    [
                        0.0,
                        0.0,
                        0.0,
                        0.0,
                        0.0,
                        0.0
                    ]
                ]
            },
            "est_params": {
                "mui": [
                    -0.029315152779187094,
                    -0.16997570820328867,
                    -0.18889409671229088,
                    0.07259644804137351,
                    0.3101732076395653,
                    0.9999939108626041
                ],
                "Si": [
                    [
                        0.8737248211402756,
                        -0.39141611106739826,
                        -0.35469019580393324,
                        1.169692568858575,
                        1.7617175570391352,
                        -4.73077828346281e-06
                    ],
                    [
                        -0.39141611106739826,
                        0.9839462569362111,
                        1.006234338116558,
                        -1.1832400243724324,
                        -2.692089453679341,
                        -1.6309161983923868e-06
                    ],
                    [
                        -0.35469019580393324,
                        1.006234338116558,
                        2.1422617899119625,
                        -1.154802950341187,
                        -3.6562508748898166,
                        -8.787884134333166e-07
                    ],
                    [
                        1.1696925688585753,
                        -1.1832400243724324,
                        -1.154802950341187,
                        3.0091611173569643,
                        4.843174861655817,
                        -1.6236097246808105e-05
                    ],
                    [
                        1.7617175570391352,
                        -2.692089453679341,
                        -3.6562508748898166,
                        4.843174861655817,
                        10.934284207165163,
                        -9.294379338075143e-06
                    ],
                    [
                        -4.730778283462811e-06,
                        -1.6309161983923863e-06,
                        -8.78788413433317e-07,
                        -1.6236097246808108e-05,
                        -9.294379338075145e-06,
                        1.0301476614370793e-06
                    ]
                ]
            },
            "est_tgt": [
                2,
                4,
                5
            ],
            "oracle_est_tgt": [
                2,
                4,
                5
            ]
        },
        "obs": {
            "intv_type": "obs",
            "noise_type": "gaussian",
            "obs_noise_gamma_shape": null,
            "true_params": {
                "Si": [
                    [
                        1.0,
                        -0.5627618239551992,
                        -0.5121313452054119,
                        1.2590505130667724,
                        2.0409173889497407,
                        -1.4371264402542323
                    ],
                    [
                        -0.5627618239551992,
                        1.3167008705013827,
                        1.1982401068070532,
                        -1.5373585493950763,
                        -3.3860868475747345,
                        3.3488844942441807
                    ],
                    [
                        -0.5121313452054119,
                        1.1982401068070532,
                        2.0904370048865024,
                        -1.399045685848476,
                        -3.876556148168428,
                        4.599997597059428
                    ],
                    [
                        1.2590505130667724,
                        -1.5373585493950763,
                        -1.399045685848476,
                        3.2721391605638583,
                        5.410354358752661,
                        -3.9243435043581227
                    ],
                    [
                        2.0409173889497407,
                        -3.3860868475747345,
                        -3.876556148168428,
                        5.410354358752661,
                        11.776773807368716,
                        -10.65737614067789
                    ],
                    [
                        -1.4371264402542323,
                        3.3488844942441807,
                        4.599997597059428,
                        -3.9243435043581227,
                        -10.65737614067789,
                        12.562606450393368
                    ]
                ],
                "mui": [
                    0.0,
                    0.0,
                    0.0,
                    0.0,
                    0.0,
                    0.0
                ],
                "Ai": [
                    [
                        0.0,
                        0.0,
                        0.0,
                        0.0,
                        0.0,
                        0.0
                    ],
                    [
                        -0.5627618239551992,
                        0.0,
                        0.0,
                        0.0,
                        0.0,
                        0.0
                    ],
                    [
                        0.0,
                        0.9100321368746258,
                        0.0,
                        0.0,
                        0.0,
                        0.0
                    ],
                    [
                        0.7926262052295394,
                        -0.82881298620989,
                        -0.0,
                        0.0,
                        0.0,
                        0.0
                    ],
                    [
                        -0.0,
                        -0.6965563165606674,
                        -0.7951082986269271,
                        0.9862370018579998,
                        0.0,
                        0.0
                    ],
                    [
                        -0.0,
                        0.5643377495360551,
                        0.9188147218550828,
                        0.7762527992585346,
                        -0.7968604576950837,
                        0.0
                    ]
                ]
            },
            "est_params": {
                "mui": [
                    0.5279718315666675,
                    -0.2877658945388275,
                    -0.3568217990607302,
                    0.6605227310908042,
                    1.1629860057849999,
                    -0.9477419773927038
                ],
                "Si": [
