{
    "expt_args": {
        "save_dir": "all_expt_logs/expt_logs_sim_compsel_backward_cameraready_density_var",
        "exp_name": "283",
        "num_nodes": 6,
        "num_tgt_prior": 7,
        "obs_noise_mean": 0.0,
        "obs_noise_var": 1.0,
        "obs_noise_gamma_shape": null,
        "noise_type": "gaussian",
        "max_edge_strength": 1.0,
        "graph_sparsity_method": "adj_dense_prop",
        "adj_dense_prop": 0.4,
        "num_parents": null,
        "new_noise_mean": 1.0,
        "mix_samples": 262144,
        "stage2_samples": 262144,
        "gmm_tol": 0.001,
        "intv_type": "do",
        "new_noise_var": null,
        "dtype": "simulation",
        "cutoff_drop_ratio": 0.07,
        "intv_targets": [
            0,
            1,
            2,
            3,
            4,
            5
        ]
    },
    "intv_args_dict": {
        "0": {
            "intv_type": "do",
            "inode": 0,
            "new_mui": 1.0,
            "new_vari": null,
            "noise_type": "gaussian",
            "obs_noise_gamma_shape": null,
            "true_params": {
                "Si": [
                    [
                        1e-09,
                        6.800935780244673e-10,
                        -1.6599833838006768e-10,
                        -7.559757948502504e-10,
                        0.0,
                        3.5738150465902436e-10
                    ],
                    [
                        6.800935780244673e-10,
                        1.0000000004625273,
                        0.6981813205700964,
                        -0.40466493879866317,
                        0.0,
                        -1.2562858209921313
                    ],
                    [
                        -1.6599833838006768e-10,
                        0.6981813205700964,
                        1.4874571565782007,
                        0.4676976132979029,
                        0.0,
                        -1.8707724900790415
                    ],
                    [
                        -7.559757948502504e-10,
                        -0.40466493879866317,
                        0.4676976132979029,
                        1.7265944357561973,
                        0.0,
                        -0.23709374677520167
                    ],
                    [
                        0.0,
                        0.0,
                        0.0,
                        0.0,
                        1.0,
                        0.9966848663907011
                    ],
                    [
                        3.5738150465902436e-10,
                        -1.2562858209921313,
                        -1.8707724900790415,
                        -0.23709374677520167,
                        0.9966848663907011,
                        4.55898941120549
                    ]
                ],
                "mui": [
                    1.0,
                    0.6800935780244672,
                    -0.16599833838006767,
                    -0.7559757948502503,
                    0.0,
                    0.35738150465902435
                ],
                "Ai": [
                    [
                        0.0,
                        0.0,
                        0.0,
                        0.0,
                        0.0,
                        0.0
                    ],
                    [
                        0.6800935780244672,
                        0.0,
                        0.0,
                        0.0,
                        0.0,
                        0.0
                    ],
                    [
                        -0.6408269708732108,
                        0.6981813206829908,
                        0.0,
                        0.0,
                        0.0,
                        0.0
                    ],
                    [
                        -0.0,
                        -0.9284594957014449,
                        0.7502271142180055,
                        0.0,
                        0.0,
                        0.0
                    ],
                    [
                        0.0,
                        -0.0,
                        -0.0,
                        -0.0,
                        0.0,
                        0.0
                    ],
                    [
                        0.5750110927206289,
                        -0.5625329276900062,
                        -0.9936571961944203,
                        -0.0,
                        0.9966848663907011,
                        0.0
                    ]
                ]
            },
            "est_params": {
                "mui": [
                    0.9999999307353217,
                    0.6846260490031044,
                    -0.15298109422624195,
                    -0.7494244065588155,
                    -0.0034275328520129203,
                    0.34136510724152314
                ],
                "Si": [
                    [
                        1.0139068064592137e-06,
                        4.067459441490478e-07,
                        -3.4925345452149094e-07,
                        -6.784833157120691e-07,
                        4.843658801489415e-08,
                        -2.1037148586080268e-09
                    ],
                    [
                        4.06745944149048e-07,
                        0.9924555223188933,
                        0.697980692594272,
                        -0.3958628354553281,
                        -0.003797859228282265,
                        -1.2566134883277278
                    ],
                    [
                        -3.4925345452149083e-07,
                        0.697980692594272,
                        1.4929028953286523,
                        0.4700465212463013,
                        -0.002156542882734146,
                        -1.8715572796230382
                    ],
                    [
                        -6.784833157120691e-07,
                        -0.3958628354553281,
                        0.4700465212463013,
                        1.7258227967654272,
                        0.00514471014535841,
                        -0.23509946295426787
                    ],
                    [
                        4.8436588014894194e-08,
                        -0.003797859228282264,
                        -0.002156542882734143,
                        0.005144710145358407,
                        0.9973326286371814,
                        0.9904270265289636
                    ],
                    [
                        -2.103714858608131e-09,
                        -1.2566134883277278,
                        -1.8715572796230382,
                        -0.23509946295426792,
                        0.9904270265289636,
                        4.53772465185381
                    ]
                ]
            },
            "est_tgt": [
                0
            ],
            "oracle_est_tgt": [
                0
            ]
        },
        "1": {
            "intv_type": "do",
            "inode": 1,
            "new_mui": 1.0,
            "new_vari": null,
            "noise_type": "gaussian",
            "obs_noise_gamma_shape": null,
            "true_params": {
                "Si": [
                    [
                        1.0,
                        0.0,
                        -0.6408269708732108,
                        -0.48076576907127483,
                        0.0,
                        1.211773423844267
                    ],
                    [
                        0.0,
                        1e-09,
                        6.981813206829908e-10,
                        -4.046649382845289e-10,
                        0.0,
                        -1.2562858212351844e-09
                    ],
                    [
                        -0.6408269708732108,
                        6.981813206829908e-10,
                        1.4106592070859922,
                        1.0583147854289505,
                        0.0,
                        -1.7701942896583165
                    ],
                    [
                        -0.48076576907127483,
                        -4.046649382845289e-10,
                        1.0583147854289505,
                        1.7939764477823243,
                        0.0,
                        -1.3280477523691405
                    ],
                    [
                        0.0,
                        0.0,
                        0.0,
                        0.0,
                        1.0,
                        0.9966848663907011
                    ],
                    [
                        1.211773423844267,
                        -1.2562858212351844e-09,
                        -1.7701942896583165,
                        -1.3280477523691405,
                        0.9966848663907011,
                        4.449130178754718
                    ]
                ],
                "mui": [
                    0.0,
                    1.0,
                    0.6981813206829908,
                    -0.4046649382845289,
                    0.0,
                    -1.2562858212351842
                ],
                "Ai": [
                    [
                        0.0,
                        0.0,
                        0.0,
                        0.0,
                        0.0,
                        0.0
                    ],
                    [
                        0.0,
                        0.0,
                        0.0,
                        0.0,
                        0.0,
                        0.0
                    ],
                    [
                        -0.6408269708732108,
                        0.6981813206829908,
                        0.0,
                        0.0,
                        0.0,
                        0.0
                    ],
                    [
                        -0.0,
                        -0.9284594957014449,
                        0.7502271142180055,
                        0.0,
                        0.0,
                        0.0
                    ],
                    [
                        0.0,
                        -0.0,
                        -0.0,
                        -0.0,
                        0.0,
                        0.0
                    ],
                    [
                        0.5750110927206289,
                        -0.5625329276900062,
                        -0.9936571961944203,
                        -0.0,
                        0.9966848663907011,
                        0.0
                    ]
                ]
            },
            "est_params": {
                "mui": [
                    0.0016035298980849309,
                    1.0000000647675302,
                    0.6969216148899634,
                    -0.40678715982877056,
                    0.0029420156909491795,
                    -1.2473463843604624
                ],
                "Si": [
                    [
                        0.9996099495984174,
                        3.135219171537759e-07,
                        -0.6380044914336213,
                        -0.47416167752371036,
                        0.0016379883861085702,
                        1.2063556241990216
                    ],
                    [
                        3.1352191715377574e-07,
                        1.011738092618682e-06,
                        -4.4385230423818353e-07,
                        -1.345915453859113e-07,
                        4.224726181763585e-07,
                        1.8452023654531437e-06
                    ],
                    [
                        -0.6380044914336213,
                        -4.4385230423818327e-07,
                        1.407483050119879,
                        1.0539338170236356,
                        0.0018243284335196204,
                        -1.7549891460039695
                    ],
                    [
                        -0.47416167752371036,
                        -1.345915453859111e-07,
                        1.0539338170236356,
                        1.7881949160133168,
                        0.004071765990064332,
                        -1.3059898084884236
                    ],
                    [
                        0.0016379883861085702,
                        4.224726181763587e-07,
                        0.0018243284335196209,
                        0.00407176599006433,
                        0.990671618095202,
                        0.9869881178648957
                    ],
                    [
                        1.2063556241990212,
                        1.8452023654531441e-06,
                        -1.7549891460039695,
                        -1.3059898084884238,
                        0.9869881178648957,
                        4.406802501534762
                    ]
                ]
            },
            "est_tgt": [
                1
            ],
            "oracle_est_tgt": [
                1
            ]
        },
        "2": {
            "intv_type": "do",
            "inode": 2,
            "new_mui": 1.0,
            "new_vari": null,
            "noise_type": "gaussian",
            "obs_noise_gamma_shape": null,
            "true_params": {
                "Si": [
                    [
                        1.0,
                        0.6800935780244672,
                        0.0,
                        -0.6314393404823881,
                        0.0,
                        0.1924360611713537
                    ],
                    [
                        0.6800935780244672,
                        1.4625272748701221,
                        0.0,
                        -1.357897336075522,
                        0.0,
                        -0.431658398307045
                    ],
                    [
                        0.0,
                        0.0,
                        1e-09,
                        7.502271142180055e-10,
                        0.0,
                        -9.936571961944203e-10
                    ],
                    [
                        -0.6314393404823881,
                        -1.357897336075522,
                        7.502271142180055e-10,
                        2.2607526764298553,
                        0.0,
                        0.40077733806198385
                    ],
                    [
                        0.0,
                        0.0,
                        0.0,
                        0.0,
                        1.0,
                        0.9966848663907011
                    ],
                    [
                        0.1924360611713537,
                        -0.431658398307045,
                        -9.936571961944203e-10,
                        0.40077733806198385,
                        0.9966848663907011,
                        2.346855656254239
                    ]
                ],
                "mui": [
                    0.0,
                    0.0,
                    1.0,
                    0.7502271142180055,
                    0.0,
                    -0.9936571961944203
                ],
                "Ai": [
                    [
                        0.0,
                        0.0,
                        0.0,
                        0.0,
                        0.0,
                        0.0
                    ],
                    [
                        0.6800935780244672,
                        0.0,
                        0.0,
                        0.0,
                        0.0,
                        0.0
                    ],
                    [
                        0.0,
                        0.0,
                        0.0,
                        0.0,
                        0.0,
                        0.0
                    ],
                    [
                        -0.0,
                        -0.9284594957014449,
                        0.7502271142180055,
                        0.0,
                        0.0,
                        0.0
                    ],
                    [
                        0.0,
                        -0.0,
                        -0.0,
                        -0.0,
                        0.0,
                        0.0
                    ],
                    [
                        0.5750110927206289,
                        -0.5625329276900062,
                        -0.9936571961944203,
                        -0.0,
                        0.9966848663907011,
                        0.0
                    ]
                ]
            },
            "est_params": {
                "mui": [
                    0.0020791206695199315,
                    -0.0023280895524716728,
                    1.0000000214493785,
                    0.7432158307038713,
                    -0.008602229354367644,
                    -1.000116401156851
                ],
                "Si": [
                    [
                        1.0012826429181954,
                        0.6910532297099832,
                        -2.0502094548396735e-08,
                        -0.6439664986114891,
                        0.0009550618258843405,
                        0.18591084499151392
                    ],
                    [
                        0.6910532297099832,
                        1.484882812231275,
                        -3.3433638248755184e-08,
                        -1.3778196366197464,
                        0.0005681766524814486,
                        -0.44275889934061
                    ],
                    [
                        -2.0502094548396712e-08,
                        -3.343363824875517e-08,
                        1.0110765499293248e-06,
                        1.5619671398304457e-07,
                        -4.952757426951638e-07,
                        -7.709483439658718e-07
                    ],
                    [
                        -0.6439664986114891,
                        -1.3778196366197464,
                        1.5619671398304415e-07,
                        2.276948606942086,
                        -0.00734696264392076,
                        0.4030810050141122
                    ],
                    [
                        0.0009550618258843367,
                        0.0005681766524814489,
                        -4.952757426951638e-07,
                        -0.00734696264392076,
                        0.9979798833506487,
                        0.9880775432420262
                    ],
                    [
                        0.18591084499151395,
                        -0.4427588993406099,
                        -7.709483439658716e-07,
                        0.4030810050141122,
                        0.9880775432420265,
                        2.3307276525145824
                    ]
                ]
            },
            "est_tgt": [
                2
            ],
            "oracle_est_tgt": [
                2
            ]
        },
        "3": {
            "intv_type": "do",
            "inode": 3,
            "new_mui": 1.0,
            "new_vari": null,
            "noise_type": "gaussian",
            "obs_noise_gamma_shape": null,
            "true_params": {
                "Si": [
                    [
                        1.0,
                        0.6800935780244672,
                        -0.16599833838006767,
                        0.0,
                        0.0,
                        0.35738150465902435
                    ],
                    [
                        0.6800935780244672,
                        1.4625272748701221,
                        0.5852869167879743,
                        0.0,
                        0.0,
                        -1.0132329550118606
                    ],
                    [
                        -0.16599833838006767,
                        0.5852869167879743,
                        1.5150126048955888,
                        0.0,
                        0.0,
                        -1.9300972259608833
                    ],
                    [
                        0.0,
                        0.0,
                        0.0,
                        1e-09,
                        0.0,
                        0.0
                    ],
                    [
                        0.0,
                        0.0,
                        0.0,
                        0.0,
                        1.0,
                        0.9966848663907011
                    ],
                    [
                        0.35738150465902435,
                        -1.0132329550118606,
                        -1.9300972259608833,
                        0.0,
                        0.9966848663907011,
                        4.686710950950116
                    ]
                ],
                "mui": [
                    0.0,
                    0.0,
                    0.0,
                    1.0,
                    0.0,
                    0.0
                ],
                "Ai": [
                    [
                        0.0,
                        0.0,
                        0.0,
                        0.0,
                        0.0,
                        0.0
                    ],
                    [
                        0.6800935780244672,
                        0.0,
                        0.0,
                        0.0,
                        0.0,
                        0.0
                    ],
                    [
                        -0.6408269708732108,
                        0.6981813206829908,
                        0.0,
                        0.0,
                        0.0,
                        0.0
                    ],
                    [
                        0.0,
                        0.0,
                        0.0,
                        0.0,
                        0.0,
                        0.0
                    ],
                    [
                        0.0,
                        -0.0,
                        -0.0,
                        -0.0,
                        0.0,
                        0.0
                    ],
                    [
                        0.5750110927206289,
                        -0.5625329276900062,
                        -0.9936571961944203,
                        -0.0,
                        0.9966848663907011,
                        0.0
                    ]
                ]
            },
            "est_params": {
                "mui": [
                    0.0020434745236821623,
                    -0.0016314767766350724,
                    -0.00022059784905746434,
                    1.0000013699860981,
                    -0.010258850771982467,
                    0.006951143606043461
                ],
                "Si": [
                    [
                        1.010514330762846,
                        0.6899356781815817,
                        -0.17393113832548032,
                        -1.2058827533270741e-06,
                        0.0032036010190802495,
                        0.36910184614747593
                    ],
                    [
                        0.6899356781815817,
                        1.4588276152509247,
                        0.5772863990812364,
                        -8.876695632552294e-07,
                        8.323865346562224e-05,
                        -0.9895948373419152
                    ],
                    [
                        -0.17393113832548032,
                        0.5772863990812364,
                        1.5216816572924687,
                        3.6561453670404393e-07,
                        -0.0011421691561522042,
                        -1.9343417857009595
                    ],
                    [
                        -1.205882753327074e-06,
                        -8.876695632552294e-07,
                        3.6561453670404393e-07,
                        1.0125230754510588e-06,
                        4.489945467231968e-07,
                        -1.2791162417594789e-06
                    ],
                    [
                        0.0032036010190802495,
                        8.323865346562054e-05,
                        -0.0011421691561522035,
                        4.489945467231969e-07,
                        0.9953313623514013,
                        1.0002868896276822
                    ],
                    [
                        0.3691018461474758,
                        -0.9895948373419153,
                        -1.9343417857009595,
                        -1.279116241759479e-06,
                        1.0002868896276822,
                        4.678242250932658
                    ]
                ]
            },
            "est_tgt": [
                3
            ],
            "oracle_est_tgt": [
                3
            ]
        },
        "4": {
            "intv_type": "do",
            "inode": 4,
            "new_mui": 1.0,
            "new_vari": null,
            "noise_type": "gaussian",
            "obs_noise_gamma_shape": null,
            "true_params": {
                "Si": [
                    [
                        1.0,
                        0.6800935780244672,
                        -0.16599833838006767,
                        -0.7559757948502503,
                        0.0,
                        0.35738150465902435
                    ],
                    [
                        0.6800935780244672,
                        1.4625272748701221,
                        0.5852869167879743,
                        -0.9187992215041263,
                        0.0,
                        -1.0132329550118606
                    ],
                    [
                        -0.16599833838006767,
                        0.5852869167879743,
                        1.5150126048955888,
                        0.5931883389731046,
                        0.0,
                        -1.9300972259608833
                    ],
                    [
                        -0.7559757948502503,
                        -0.9187992215041263,
                        0.5931883389731046,
                        2.2980938375841653,
                        0.0,
                        -0.5072655135544143
                    ],
                    [
                        0.0,
                        0.0,
                        0.0,
                        0.0,
                        1e-09,
                        9.96684866390701e-10
                    ],
                    [
                        0.35738150465902435,
                        -1.0132329550118606,
                        -1.9300972259608833,
                        -0.5072655135544143,
                        9.96684866390701e-10,
                        3.693330229051247
                    ]
                ],
                "mui": [
                    0.0,
                    0.0,
                    0.0,
                    0.0,
                    1.0,
                    0.9966848663907011
                ],
                "Ai": [
                    [
                        0.0,
                        0.0,
                        0.0,
                        0.0,
                        0.0,
                        0.0
                    ],
                    [
                        0.6800935780244672,
                        0.0,
                        0.0,
                        0.0,
                        0.0,
                        0.0
                    ],
                    [
                        -0.6408269708732108,
                        0.6981813206829908,
                        0.0,
                        0.0,
                        0.0,
                        0.0
                    ],
                    [
                        -0.0,
                        -0.9284594957014449,
                        0.7502271142180055,
                        0.0,
                        0.0,
                        0.0
                    ],
                    [
                        0.0,
                        0.0,
                        0.0,
                        0.0,
                        0.0,
                        0.0
                    ],
                    [
                        0.5750110927206289,
                        -0.5625329276900062,
                        -0.9936571961944203,
                        -0.0,
                        0.9966848663907011,
                        0.0
                    ]
                ]
            },
            "est_params": {
                "mui": [
                    0.001951327445339196,
                    -0.0006386440803600108,
                    0.003941955797468021,
                    0.005176143661789131,
                    0.9999998102413679,
                    0.9853080951994815
                ],
                "Si": [
                    [
                        0.9994392969567657,
                        0.6773881749946952,
                        -0.16622651505179262,
                        -0.7609867121806262,
                        -5.225192530929436e-07,
                        0.3713208061010918
                    ],
                    [
                        0.6773881749946952,
                        1.46610586247351,
                        0.5919927353320399,
                        -0.9238079409450515,
                        -3.685630428222744e-07,
                        -1.0054104028383277
                    ],
                    [
                        -0.16622651505179264,
                        0.5919927353320399,
                        1.514444768617031,
                        0.5850273061562844,
                        9.830411688343195e-08,
                        -1.924355051968742
                    ],
                    [
                        -0.7609867121806262,
                        -0.9238079409450515,
                        0.5850273061562845,
                        2.304540410905166,
                        5.052325187676977e-07,
                        -0.5135240140502404
                    ],
                    [
                        -5.225192530929434e-07,
                        -3.685630428222744e-07,
                        9.830411688343189e-08,
                        5.052325187676977e-07,
                        1.0123901895002049e-06,
                        -6.173509240630437e-07
                    ],
                    [
                        0.3713208061010918,
                        -1.0054104028383273,
                        -1.924355051968742,
                        -0.5135240140502404,
                        -6.173509240630437e-07,
                        3.6785054450808685
                    ]
                ]
            },
            "est_tgt": [
                4,
                5
            ],
            "oracle_est_tgt": [
                4
            ]
        },
        "5": {
            "intv_type": "do",
            "inode": 5,
            "new_mui": 1.0,
            "new_vari": null,
            "noise_type": "gaussian",
            "obs_noise_gamma_shape": null,
            "true_params": {
                "Si": [
                    [
                        1.0,
                        0.6800935780244672,
                        -0.16599833838006767,
                        -0.7559757948502503,
                        0.0,
                        0.0
                    ],
                    [
                        0.6800935780244672,
                        1.4625272748701221,
                        0.5852869167879743,
                        -0.9187992215041263,
                        0.0,
                        0.0
                    ],
                    [
                        -0.16599833838006767,
                        0.5852869167879743,
                        1.5150126048955888,
                        0.5931883389731046,
                        0.0,
                        0.0
                    ],
                    [
                        -0.7559757948502503,
                        -0.9187992215041263,
                        0.5931883389731046,
                        2.2980938375841653,
                        0.0,
                        0.0
                    ],
                    [
                        0.0,
                        0.0,
                        0.0,
                        0.0,
                        1.0,
                        0.0
                    ],
                    [
                        0.0,
                        0.0,
                        0.0,
                        0.0,
                        0.0,
                        1e-09
                    ]
                ],
                "mui": [
                    0.0,
                    0.0,
                    0.0,
                    0.0,
                    0.0,
                    1.0
                ],
                "Ai": [
                    [
                        0.0,
                        0.0,
                        0.0,
                        0.0,
                        0.0,
                        0.0
                    ],
                    [
                        0.6800935780244672,
                        0.0,
                        0.0,
                        0.0,
                        0.0,
                        0.0
                    ],
                    [
                        -0.6408269708732108,
                        0.6981813206829908,
                        0.0,
                        0.0,
                        0.0,
                        0.0
                    ],
                    [
                        -0.0,
                        -0.9284594957014449,
                        0.7502271142180055,
                        0.0,
                        0.0,
                        0.0
                    ],
                    [
                        0.0,
                        -0.0,
                        -0.0,
                        -0.0,
                        0.0,
                        0.0
                    ],
                    [
                        0.0,
                        0.0,
                        0.0,
                        0.0,
                        0.0,
                        0.0
                    ]
                ]
            },
            "est_params": {
                "mui": [
                    0.004126580112503989,
                    0.00020330015526448858,
                    -0.0017961675705957132,
                    -0.005118108265236485,
                    -0.0033715880448986846,
                    0.9999999548502368
                ],
                "Si": [
                    [
                        0.9985607493293415,
                        0.6781679586670682,
                        -0.16215687557544,
                        -0.7546544403340559,
                        0.0048218584252264825,
                        -3.056740503427997e-07
                    ],
                    [
                        0.6781679586670682,
                        1.4516483177770476,
                        0.5790903410570285,
                        -0.9054993303464864,
                        -0.0009081426848251277,
                        -2.48144487383456e-07
                    ],
                    [
                        -0.16215687557544003,
                        0.5790903410570285,
                        1.512063973346078,
                        0.6017009318922154,
                        0.0012672422267730997,
                        3.833308859164275e-07
                    ],
                    [
                        -0.7546544403340559,
                        -0.9054993303464864,
                        0.6017009318922154,
                        2.2942891067542868,
                        0.007465934313753277,
                        5.021489764328326e-07
                    ],
                    [
                        0.004821858425226482,
                        -0.0009081426848251303,
                        0.001267242226773102,
                        0.0074659343137532756,
                        0.9973518881364282,
                        -1.5376800796483191e-07
                    ],
                    [
                        -3.056740503427995e-07,
                        -2.4814448738345597e-07,
                        3.833308859164275e-07,
                        5.021489764328327e-07,
                        -1.5376800796483178e-07,
                        1.0080611556155633e-06
                    ]
                ]
            },
            "est_tgt": [
                5
            ],
            "oracle_est_tgt": [
                5
            ]
        },
        "obs": {
            "intv_type": "obs",
            "noise_type": "gaussian",
            "obs_noise_gamma_shape": null,
            "true_params": {
                "Si": [
                    [
                        1.0,
                        0.6800935780244672,
                        -0.16599833838006767,
                        -0.7559757948502503,
                        0.0,
                        0.35738150465902435
                    ],
                    [
                        0.6800935780244672,
                        1.4625272748701221,
                        0.5852869167879743,
                        -0.9187992215041263,
                        0.0,
                        -1.0132329550118606
                    ],
                    [
                        -0.16599833838006767,
                        0.5852869167879743,
                        1.5150126048955888,
                        0.5931883389731046,
                        0.0,
                        -1.9300972259608833
                    ],
                    [
                        -0.7559757948502503,
                        -0.9187992215041263,
                        0.5931883389731046,
                        2.2980938375841653,
                        0.0,
                        -0.5072655135544143
                    ],
                    [
                        0.0,
                        0.0,
                        0.0,
                        0.0,
                        1.0,
                        0.9966848663907011
                    ],
                    [
                        0.35738150465902435,
                        -1.0132329550118606,
                        -1.9300972259608833,
                        -0.5072655135544143,
                        0.9966848663907011,
                        4.686710950950116
                    ]
                ],
                "mui": [
                    0.0,
                    0.0,
                    0.0,
                    0.0,
                    0.0,
                    0.0
                ],
                "Ai": [
                    [
                        0.0,
                        0.0,
                        0.0,
                        0.0,
                        0.0,
                        0.0
                    ],
                    [
                        0.6800935780244672,
                        0.0,
                        0.0,
                        0.0,
                        0.0,
                        0.0
                    ],
                    [
                        -0.6408269708732108,
                        0.6981813206829908,
                        0.0,
                        0.0,
