{
    "expt_args": {
        "save_dir": "all_expt_logs/expt_logs_sim_compsel_backward_cameraready_density_var",
        "exp_name": "258",
        "num_nodes": 6,
        "num_tgt_prior": 7,
        "obs_noise_mean": 0.0,
        "obs_noise_var": 1.0,
        "obs_noise_gamma_shape": null,
        "noise_type": "gaussian",
        "max_edge_strength": 1.0,
        "graph_sparsity_method": "adj_dense_prop",
        "adj_dense_prop": 1.0,
        "num_parents": null,
        "new_noise_mean": 1.0,
        "mix_samples": 32768,
        "stage2_samples": 32768,
        "gmm_tol": 0.001,
        "intv_type": "do",
        "new_noise_var": null,
        "dtype": "simulation",
        "cutoff_drop_ratio": 0.07,
        "intv_targets": [
            0,
            1,
            2,
            3,
            4,
            5
        ]
    },
    "intv_args_dict": {
        "0": {
            "intv_type": "do",
            "inode": 0,
            "new_mui": 1.0,
            "new_vari": null,
            "noise_type": "gaussian",
            "obs_noise_gamma_shape": null,
            "true_params": {
                "Si": [
                    [
                        1e-09,
                        -8.811513774395195e-10,
                        -1.5031987513550484e-10,
                        -1.641985845581011e-10,
                        5.337252799097479e-11,
                        1.5326418670567004e-09
                    ],
                    [
                        -8.811513774395195e-10,
                        1.0000000007764278,
                        0.9239180360824844,
                        1.8958559140395237,
                        -1.1368867108537657,
                        -1.844340857407217
                    ],
                    [
                        -1.5031987513550484e-10,
                        0.9239180360824844,
                        1.8536245371763567,
                        2.735629778096076,
                        -2.405311156211872,
                        -2.3248079610567176
                    ],
                    [
                        -1.641985845581011e-10,
                        1.8958559140395237,
                        2.735629778096076,
                        5.562553800023335,
                        -4.1536777716893365,
                        -5.170064922776346
                    ],
                    [
                        5.337252799097479e-11,
                        -1.1368867108537657,
                        -2.405311156211872,
                        -4.1536777716893365,
                        4.570604169861324,
                        4.192931561791202
                    ],
                    [
                        1.5326418670567004e-09,
                        -1.844340857407217,
                        -2.3248079610567176,
                        -5.170064922776346,
                        4.192931561791202,
                        6.216751830666223
                    ]
                ],
                "mui": [
                    1.0,
                    -0.8811513774395194,
                    -0.15031987513550482,
                    -0.1641985845581011,
                    0.05337252799097479,
                    1.5326418670567004
                ],
                "Ai": [
                    [
                        0.0,
                        0.0,
                        0.0,
                        0.0,
                        0.0,
                        0.0
                    ],
                    [
                        -0.8811513774395194,
                        0.0,
                        0.0,
                        0.0,
                        0.0,
                        0.0
                    ],
                    [
                        0.6637917748830793,
                        0.9239180359500297,
                        0.0,
                        0.0,
                        0.0,
                        0.0
                    ],
                    [
                        0.8531568629318583,
                        0.9867073492614046,
                        0.9840143056614243,
                        0.0,
                        0.0,
                        0.0
                    ],
                    [
                        0.5183744184961945,
                        0.7711517872602311,
                        -0.7005094771886562,
                        -0.6650427115783326,
                        0.0,
                        0.0
                    ],
                    [
                        0.9418910229607218,
                        -0.6451612026935964,
                        0.8089348175629347,
                        -0.6979302209860624,
                        0.5483343048602911,
                        0.0
                    ]
                ]
            },
            "est_params": {
                "mui": [
                    1.0000004304067196,
                    -0.8971100807013428,
                    -0.19373219312118067,
                    -0.21543508624831478,
                    0.10649415409203308,
                    1.54887389189173
                ],
                "Si": [
                    [
                        1.0101645170195248e-06,
                        8.499822629548991e-07,
                        1.700700460043144e-06,
                        3.2674322996812705e-06,
                        -6.870945412570912e-07,
                        -1.1045322676212072e-06
                    ],
                    [
                        8.499822629548997e-07,
                        0.9828695581488196,
                        0.9122913880420545,
                        1.8807276114959943,
                        -1.1502342276484097,
                        -1.83218893734798
                    ],
                    [
                        1.7007004600431439e-06,
                        0.9122913880420545,
                        1.86838582540266,
                        2.749357711888832,
                        -2.452404429564568,
                        -2.3161579639894283
                    ],
                    [
                        3.2674322996812705e-06,
                        1.8807276114959939,
                        2.749357711888832,
                        5.615040911028038,
                        -4.224596088958257,
                        -5.198940359543017
                    ],
                    [
                        -6.870945412570911e-07,
                        -1.1502342276484097,
                        -2.4524044295645675,
                        -4.224596088958258,
                        4.654619142827081,
                        4.224566402818034
                    ],
                    [
                        -1.1045322676212064e-06,
                        -1.83218893734798,
                        -2.3161579639894283,
                        -5.198940359543017,
                        4.224566402818034,
                        6.2469626565482175
                    ]
                ]
            },
            "est_tgt": [
                0
            ],
            "oracle_est_tgt": [
                0
            ]
        },
        "1": {
            "intv_type": "do",
            "inode": 1,
            "new_mui": 1.0,
            "new_vari": null,
            "noise_type": "gaussian",
            "obs_noise_gamma_shape": null,
            "true_params": {
                "Si": [
                    [
                        1.0,
                        0.0,
                        0.6637917748830793,
                        1.5063374653971962,
                        -0.9483967632290656,
                        -0.09250161872566798
                    ],
                    [
                        0.0,
                        1e-09,
                        9.239180359500298e-10,
                        1.89585591389484e-09,
                        -1.1368867108067364e-09,
                        -1.8443408560567276e-09
                    ],
                    [
                        0.6637917748830793,
                        9.239180359500298e-10,
                        1.440619521256053,
                        1.9839087271419236,
                        -1.984458991065179,
                        -0.6821899948534919
                    ],
                    [
                        1.5063374653971962,
                        1.89585591389484e-09,
                        1.9839087271419236,
                        4.237336716999854,
                        -3.4269099562379184,
                        -1.8127990607246343
                    ],
                    [
                        -0.9483967632290656,
                        -1.1368867108067364e-09,
                        -1.984458991065179,
                        -3.4269099562379184,
                        4.177549198445394,
                        2.1838531901502662
                    ],
                    [
                        -0.09250161872566798,
                        -1.8443408560567276e-09,
                        -0.6821899948534919,
                        -1.8127990607246343,
                        2.1838531901502662,
                        2.8237151878656324
                    ]
                ],
                "mui": [
                    0.0,
                    1.0,
                    0.9239180359500297,
                    1.8958559138948399,
                    -1.1368867108067364,
                    -1.8443408560567276
                ],
                "Ai": [
                    [
                        0.0,
                        0.0,
                        0.0,
                        0.0,
                        0.0,
                        0.0
                    ],
                    [
                        0.0,
                        0.0,
                        0.0,
                        0.0,
                        0.0,
                        0.0
                    ],
                    [
                        0.6637917748830793,
                        0.9239180359500297,
                        0.0,
                        0.0,
                        0.0,
                        0.0
                    ],
                    [
                        0.8531568629318583,
                        0.9867073492614046,
                        0.9840143056614243,
                        0.0,
                        0.0,
                        0.0
                    ],
                    [
                        0.5183744184961945,
                        0.7711517872602311,
                        -0.7005094771886562,
                        -0.6650427115783326,
                        0.0,
                        0.0
                    ],
                    [
                        0.9418910229607218,
                        -0.6451612026935964,
                        0.8089348175629347,
                        -0.6979302209860624,
                        0.5483343048602911,
                        0.0
                    ]
                ]
            },
            "est_params": {
                "mui": [
                    -0.015831840919390633,
                    0.9999991175671673,
                    0.897052103684678,
                    1.8577675530075108,
                    -1.0765362970129277,
                    -1.8140042027870464
                ],
                "Si": [
                    [
                        1.0100355903692158,
                        -6.020121344346439e-08,
                        0.689085648079493,
                        1.539071397391988,
                        -0.9729297337237853,
                        -0.07069870703893658
                    ],
                    [
                        -6.020121344346431e-08,
                        1.0143644237710274e-06,
                        -7.668275577266439e-07,
                        -1.6460466771940949e-06,
                        1.5859413009256823e-06,
                        2.1080301022146217e-06
                    ],
                    [
                        0.689085648079493,
                        -7.668275577266439e-07,
                        1.4786422625925273,
                        2.045363926010832,
                        -2.0420243539399103,
                        -0.6986700418063627
                    ],
                    [
                        1.539071397391988,
                        -1.6460466771940942e-06,
                        2.045363926010832,
                        4.320404735827097,
                        -3.497197048155659,
                        -1.820026320615346
                    ],
                    [
                        -0.9729297337237856,
                        1.5859413009256823e-06,
                        -2.0420243539399103,
                        -3.497197048155659,
                        4.237855101392138,
                        2.192488916127695
                    ],
                    [
                        -0.07069870703893659,
                        2.1080301022146205e-06,
                        -0.6986700418063627,
                        -1.820026320615346,
                        2.192488916127695,
                        2.8644731719269694
                    ]
                ]
            },
            "est_tgt": [
                1,
                2,
                3,
                5
            ],
            "oracle_est_tgt": [
                1,
                2,
                3
            ]
        },
        "2": {
            "intv_type": "do",
            "inode": 2,
            "new_mui": 1.0,
            "new_vari": null,
            "noise_type": "gaussian",
            "obs_noise_gamma_shape": null,
            "true_params": {
                "Si": [
                    [
                        1.0,
                        -0.8811513774395194,
                        0.0,
                        -0.01628167699952532,
                        -0.1502990304422986,
                        1.4393250654322702
                    ],
                    [
                        -0.8811513774395194,
                        1.7764277499635623,
                        0.0,
                        1.0010539713765616,
                        0.24738545387521343,
                        -2.5390467245231356
                    ],
                    [
                        0.0,
                        0.0,
                        1e-09,
                        9.840143056614244e-10,
                        -1.3549210192576001e-09,
                        -6.207881794760031e-10
                    ],
                    [
                        -0.01628167699952532,
                        1.0010539713765616,
                        9.840143056614244e-10,
                        1.9738564870606683,
                        -0.5491743167864043,
                        -2.3399219601943226
                    ],
                    [
                        -0.1502990304422986,
                        0.24738545387521343,
                        -1.3549210192576001e-09,
                        -0.5491743167864043,
                        1.4780849401059295,
                        0.8926012248516768
                    ],
                    [
                        1.4393250654322702,
                        -2.5390467245231356,
                        -6.207881794760031e-10,
                        -2.3399219601943226,
                        0.8926012248516768,
                        6.116327919154466
                    ]
                ],
                "mui": [
                    0.0,
                    0.0,
                    1.0,
                    0.9840143056614243,
                    -1.3549210192576,
                    -0.6207881794760031
                ],
                "Ai": [
                    [
                        0.0,
                        0.0,
                        0.0,
                        0.0,
                        0.0,
                        0.0
                    ],
                    [
                        -0.8811513774395194,
                        0.0,
                        0.0,
                        0.0,
                        0.0,
                        0.0
                    ],
                    [
                        0.0,
                        0.0,
                        0.0,
                        0.0,
                        0.0,
                        0.0
                    ],
                    [
                        0.8531568629318583,
                        0.9867073492614046,
                        0.9840143056614243,
                        0.0,
                        0.0,
                        0.0
                    ],
                    [
                        0.5183744184961945,
                        0.7711517872602311,
                        -0.7005094771886562,
                        -0.6650427115783326,
                        0.0,
                        0.0
                    ],
                    [
                        0.9418910229607218,
                        -0.6451612026935964,
                        0.8089348175629347,
                        -0.6979302209860624,
                        0.5483343048602911,
                        0.0
                    ]
                ]
            },
            "est_params": {
                "mui": [
                    0.004147427575398893,
                    0.005028802170605208,
                    0.9999983906372744,
                    0.9970426979536969,
                    -1.3642963348287542,
                    -0.6202983834171786
                ],
                "Si": [
                    [
                        1.0034869774361779,
                        -0.9072417115230617,
                        2.693226763796167e-06,
                        -0.05293059535944933,
                        -0.14302123260447383,
                        1.504223373825809
                    ],
                    [
                        -0.9072417115230617,
                        1.843436959985234,
                        -2.8303366600811735e-06,
                        1.048365652279123,
                        0.2544892248339441,
                        -2.63826773847588
                    ],
                    [
                        2.693226763796167e-06,
                        -2.830336660081173e-06,
                        1.017634842089958e-06,
                        -3.098988769868989e-06,
                        3.0906147704264422e-06,
                        6.809944816133019e-06
                    ],
                    [
                        -0.052930595359449335,
                        1.048365652279123,
                        -3.0989887698689894e-06,
                        1.9818381095789834,
                        -0.553638115481728,
                        -2.381360331309157
                    ],
                    [
                        -0.14302123260447383,
                        0.254489224833944,
                        3.0906147704264422e-06,
                        -0.553638115481728,
                        1.509353927034544,
                        0.8827392857099292
                    ],
                    [
                        1.504223373825809,
                        -2.6382677384758795,
                        6.809944816133019e-06,
                        -2.381360331309157,
                        0.8827392857099292,
                        6.254017877573086
                    ]
                ]
            },
            "est_tgt": [
                1,
                2,
                3
            ],
            "oracle_est_tgt": [
                1,
                2,
                3
            ]
        },
        "3": {
            "intv_type": "do",
            "inode": 3,
            "new_mui": 1.0,
            "new_vari": null,
            "noise_type": "gaussian",
            "obs_noise_gamma_shape": null,
            "true_params": {
                "Si": [
                    [
                        1.0,
                        -0.8811513774395194,
                        -0.15031987513550482,
                        0.0,
                        -0.0558265439208689,
                        1.3581651154622965
                    ],
                    [
                        -0.8811513774395194,
                        1.7764277499635623,
                        1.0563726009822163,
                        0.0,
                        0.17313008300526722,
                        -1.0265610949753996
                    ],
                    [
                        -0.15031987513550482,
                        1.0563726009822163,
                        1.8762206020145142,
                        0.0,
                        -0.5776086716093858,
                        0.3779019622652639
                    ],
                    [
                        0.0,
                        0.0,
                        0.0,
                        1e-09,
                        -6.650427115783327e-10,
                        -1.0625959539417706e-09
                    ],
                    [
                        -0.0558265439208689,
                        0.17313008300526722,
                        -0.5776086716093858,
                        -6.650427115783327e-10,
                        1.5091908697073981,
                        0.19601402837944093
                    ],
                    [
                        1.3581651154622965,
                        -1.0265610949753996,
                        0.3779019622652639,
                        -1.0625959539417706e-09,
                        0.19601402837944093,
                        3.3547201922627834
                    ]
                ],
                "mui": [
                    0.0,
                    0.0,
                    0.0,
                    1.0,
                    -0.6650427115783326,
                    -1.0625959539417704
                ],
                "Ai": [
                    [
                        0.0,
                        0.0,
                        0.0,
                        0.0,
                        0.0,
                        0.0
                    ],
                    [
                        -0.8811513774395194,
                        0.0,
                        0.0,
                        0.0,
                        0.0,
                        0.0
                    ],
                    [
                        0.6637917748830793,
                        0.9239180359500297,
                        0.0,
                        0.0,
                        0.0,
                        0.0
                    ],
                    [
                        0.0,
                        0.0,
                        0.0,
                        0.0,
                        0.0,
                        0.0
                    ],
                    [
                        0.5183744184961945,
                        0.7711517872602311,
                        -0.7005094771886562,
                        -0.6650427115783326,
                        0.0,
                        0.0
                    ],
                    [
                        0.9418910229607218,
                        -0.6451612026935964,
                        0.8089348175629347,
                        -0.6979302209860624,
                        0.5483343048602911,
                        0.0
                    ]
                ]
            },
            "est_params": {
                "mui": [
                    -0.006694957725167279,
                    0.018828057091107218,
                    0.0008896535381212499,
                    0.9999992621033842,
                    -0.6573120377858142,
                    -1.080499190177103
                ],
                "Si": [
                    [
                        0.996507742571578,
                        -0.8626556547012092,
                        -0.15734419304226752,
                        1.0859489374101675e-06,
                        -0.038193036511928354,
                        1.348292600677243
                    ],
                    [
                        -0.8626556547012092,
                        1.7403831346371934,
                        1.056952578360051,
                        -1.8750941817371908e-06,
                        0.15232200093084827,
                        -0.9990039175946216
                    ],
                    [
                        -0.15734419304226752,
                        1.056952578360051,
                        1.86536821592603,
                        -1.6739600104927114e-06,
                        -0.6110578512163323,
                        0.3221806064345464
                    ],
                    [
                        1.085948937410167e-06,
                        -1.8750941817371906e-06,
                        -1.6739600104927114e-06,
                        1.0040456801204758e-06,
                        -7.218786662577049e-07,
                        1.0756914692183636e-06
                    ],
                    [
                        -0.038193036511928354,
                        0.15232200093084827,
                        -0.6110578512163323,
                        -7.218786662577048e-07,
                        1.5326998452853764,
                        0.2142689196352265
                    ],
                    [
                        1.348292600677243,
                        -0.9990039175946216,
                        0.32218060643454643,
                        1.0756914692183632e-06,
                        0.2142689196352265,
                        3.2668503743603674
                    ]
                ]
            },
            "est_tgt": [
                1,
                3,
                5
            ],
            "oracle_est_tgt": [
                1,
                3
            ]
        },
        "4": {
            "intv_type": "do",
            "inode": 4,
            "new_mui": 1.0,
            "new_vari": null,
            "noise_type": "gaussian",
            "obs_noise_gamma_shape": null,
            "true_params": {
                "Si": [
                    [
                        1.0,
                        -0.8811513774395194,
                        -0.15031987513550482,
                        -0.1641985845581011,
                        0.0,
                        1.5033758790221328
                    ],
                    [
                        -0.8811513774395194,
                        1.7764277499635623,
                        1.0563726009822163,
                        2.04053972285183,
                        0.0,
                        -2.5456485983913133
                    ],
                    [
                        -0.15031987513550482,
                        1.0563726009822163,
                        1.8762206020145142,
                        2.760312088799594,
                        0.0,
                        -1.2318806144329273
                    ],
                    [
                        -0.1641985845581011,
                        2.04053972285183,
                        2.760312088799594,
                        5.5895149751672575,
                        0.0,
                        -3.1393131003708032
                    ],
                    [
                        0.0,
                        0.0,
                        0.0,
                        0.0,
                        1e-09,
                        5.483343048602911e-10
                    ],
                    [
                        1.5033758790221328,
                        -2.5456485983913133,
                        -1.2318806144329273,
                        -3.1393131003708032,
                        5.483343048602911e-10,
                        5.252880322051329
                    ]
                ],
                "mui": [
                    0.0,
                    0.0,
                    0.0,
                    0.0,
                    1.0,
                    0.5483343048602911
                ],
                "Ai": [
                    [
                        0.0,
                        0.0,
                        0.0,
                        0.0,
                        0.0,
                        0.0
                    ],
                    [
                        -0.8811513774395194,
                        0.0,
                        0.0,
                        0.0,
                        0.0,
                        0.0
                    ],
                    [
                        0.6637917748830793,
                        0.9239180359500297,
                        0.0,
                        0.0,
                        0.0,
                        0.0
                    ],
                    [
                        0.8531568629318583,
                        0.9867073492614046,
                        0.9840143056614243,
                        0.0,
                        0.0,
                        0.0
                    ],
                    [
                        0.0,
                        0.0,
                        0.0,
                        0.0,
                        0.0,
                        0.0
                    ],
                    [
                        0.9418910229607218,
                        -0.6451612026935964,
                        0.8089348175629347,
                        -0.6979302209860624,
                        0.5483343048602911,
                        0.0
                    ]
                ]
            },
            "est_params": {
                "mui": [
                    -0.01451490698410924,
                    0.005387510629790899,
                    -0.022632733235290477,
                    -0.04731348334913634,
                    1.0000013868685245,
                    0.5538029853162976
                ],
                "Si": [
                    [
                        1.0243887964954461,
                        -0.8701240267314014,
                        -0.1341030206989247,
                        -0.11119041823654631,
                        -4.170341206717478e-07,
                        1.497167279597638
                    ],
                    [
                        -0.8701240267314014,
                        1.7126217065252576,
                        1.0191160231459806,
                        1.9342519556767483,
                        -1.0619802090052187e-08,
                        -2.4362978239297997
                    ],
                    [
                        -0.1341030206989247,
                        1.0191160231459806,
                        1.82879210290822,
                        2.650329014589829,
                        -8.912546934234106e-07,
                        -1.1358710902007254
                    ],
                    [
                        -0.1111904182365463,
                        1.9342519556767483,
                        2.650329014589829,
                        5.368076645174601,
                        -1.2904543802558614e-06,
                        -2.9075896254121942
                    ],
                    [
                        -4.1703412067174804e-07,
                        -1.0619802090052372e-08,
                        -8.912546934234104e-07,
                        -1.2904543802558614e-06,
                        1.0052490402181037e-06,
                        -3.158089487563808e-07
                    ],
                    [
                        1.4971672795976385,
                        -2.4362978239297997,
                        -1.1358710902007256,
                        -2.9075896254121942,
                        -3.158089487563808e-07,
                        5.062098612453479
                    ]
                ]
            },
            "est_tgt": [
                1,
                4,
                5
            ],
            "oracle_est_tgt": [
                4,
                5
            ]
        },
        "5": {
            "intv_type": "do",
            "inode": 5,
            "new_mui": 1.0,
            "new_vari": null,
            "noise_type": "gaussian",
            "obs_noise_gamma_shape": null,
            "true_params": {
                "Si": [
                    [
                        1.0,
                        -0.8811513774395194,
                        -0.15031987513550482,
                        -0.1641985845581011,
                        0.05337252799097479,
                        0.0
                    ],
                    [
                        -0.8811513774395194,
                        1.7764277499635623,
                        1.0563726009822163,
                        2.04053972285183,
                        -1.183915987363413,
                        0.0
                    ],
                    [
                        -0.15031987513550482,
                        1.0563726009822163,
                        1.8762206020145142,
                        2.760312088799594,
                        -2.4133341079471187,
                        0.0
                    ],
                    [
                        -0.1641985845581011,
                        2.04053972285183,
                        2.760312088799594,
                        5.5895149751672575,
                        -4.1624414652309785,
                        0.0
                    ],
                    [
                        0.05337252799097479,
                        -1.183915987363413,
                        -2.4133341079471187,
                        -4.1624414652309785,
                        4.573452796602622,
                        0.0
                    ],
                    [
                        0.0,
                        0.0,
                        0.0,
                        0.0,
                        0.0,
                        1e-09
                    ]
                ],
                "mui": [
                    0.0,
                    0.0,
                    0.0,
                    0.0,
                    0.0,
                    1.0
                ],
                "Ai": [
                    [
                        0.0,
                        0.0,
                        0.0,
                        0.0,
                        0.0,
                        0.0
                    ],
                    [
                        -0.8811513774395194,
                        0.0,
                        0.0,
                        0.0,
                        0.0,
                        0.0
                    ],
                    [
                        0.6637917748830793,
                        0.9239180359500297,
                        0.0,
                        0.0,
                        0.0,
                        0.0
                    ],
                    [
                        0.8531568629318583,
                        0.9867073492614046,
                        0.9840143056614243,
                        0.0,
                        0.0,
                        0.0
                    ],
                    [
                        0.5183744184961945,
                        0.7711517872602311,
                        -0.7005094771886562,
                        -0.6650427115783326,
                        0.0,
                        0.0
                    ],
                    [
                        0.0,
                        0.0,
                        0.0,
                        0.0,
                        0.0,
                        0.0
                    ]
                ]
            },
            "est_params": {
                "mui": [
                    -0.014484010368636568,
                    0.016614332965134797,
                    -0.021114245194944342,
                    -0.023326317977797793,
                    0.040773911505448075,
                    1.0000001169389698
                ],
                "Si": [
                    [
                        1.0141531666763866,
                        -0.887489251654106,
                        -0.14145038016808675,
                        -0.15244269608873426,
                        0.015928857226392704,
                        2.2569838796180391e-07
                    ],
                    [
                        -0.8874892516541062,
                        1.7662693458317915,
                        1.0171055098397097,
                        1.990086702985245,
                        -1.1135851795445848,
                        5.811317273075408e-07
                    ],
                    [
                        -0.14145038016808675,
                        1.0171055098397097,
                        1.7803977739241081,
                        2.669293153719101,
                        -2.3294270965149706,
                        1.4794077150124161e-06
                    ],
                    [
                        -0.15244269608873423,
                        1.990086702985245,
                        2.669293153719101,
                        5.496081309941883,
                        -4.093501650941439,
                        1.8960181555183262e-06
                    ],
                    [
                        0.0159288572263927,
                        -1.1135851795445848,
                        -2.3294270965149706,
                        -4.093501650941439,
                        4.526782560485014,
                        -1.0287233559978704e-06
                    ],
                    [
                        2.2569838796180405e-07,
                        5.811317273075408e-07,
                        1.4794077150124166e-06,
                        1.8960181555183268e-06,
                        -1.0287233559978701e-06,
                        1.0045220059118055e-06
                    ]
                ]
            },
            "est_tgt": [
                1,
                4,
                5
            ],
            "oracle_est_tgt": [
                4,
                5
            ]
        },
        "obs": {
            "intv_type": "obs",
            "noise_type": "gaussian",
            "obs_noise_gamma_shape": null,
            "true_params": {
                "Si": [
                    [
                        1.0,
                        -0.8811513774395194,
                        -0.15031987513550482,
                        -0.1641985845581011,
                        0.05337252799097479,
                        1.5326418670567004
                    ],
                    [
                        -0.8811513774395194,
                        1.7764277499635623,
                        1.0563726009822163,
                        2.04053972285183,
                        -1.183915987363413,
                        -3.194830348335216
                    ],
                    [
                        -0.15031987513550482,
                        1.0563726009822163,
                        1.8762206020145142,
                        2.760312088799594,
                        -2.4133341079471187,
                        -2.555194494909742
                    ],
                    [
                        -0.1641985845581011,
                        2.04053972285183,
                        2.760312088799594,
                        5.5895149751672575,
