{
    "expt_args": {
        "save_dir": "all_expt_logs/expt_logs_sim_compsel_backward_cameraready_density_var",
        "exp_name": "291",
        "num_nodes": 6,
        "num_tgt_prior": 7,
        "obs_noise_mean": 0.0,
        "obs_noise_var": 1.0,
        "obs_noise_gamma_shape": null,
        "noise_type": "gaussian",
        "max_edge_strength": 1.0,
        "graph_sparsity_method": "adj_dense_prop",
        "adj_dense_prop": 0.6,
        "num_parents": null,
        "new_noise_mean": 1.0,
        "mix_samples": 32768,
        "stage2_samples": 32768,
        "gmm_tol": 0.001,
        "intv_type": "do",
        "new_noise_var": null,
        "dtype": "simulation",
        "cutoff_drop_ratio": 0.07,
        "intv_targets": [
            0,
            1,
            2,
            3,
            4,
            5
        ]
    },
    "intv_args_dict": {
        "0": {
            "intv_type": "do",
            "inode": 0,
            "new_mui": 1.0,
            "new_vari": null,
            "noise_type": "gaussian",
            "obs_noise_gamma_shape": null,
            "true_params": {
                "Si": [
                    [
                        1e-09,
                        -9.384671765519375e-10,
                        7.154615846546069e-10,
                        -1.2770949484986886e-09,
                        -1.1395649511069518e-10,
                        4.806170833424946e-10
                    ],
                    [
                        -9.384671765519375e-10,
                        1.0000000008807206,
                        -6.714372132821839e-10,
                        1.1985116905063062e-09,
                        0.8086502002787159,
                        0.33331256452911945
                    ],
                    [
                        7.154615846546069e-10,
                        -6.714372132821839e-10,
                        1.0000000005118852,
                        -0.8962276838024316,
                        0.149229400586599,
                        0.5593429344555818
                    ],
                    [
                        -1.2770949484986886e-09,
                        1.1985116905063062e-09,
                        -0.8962276838024316,
                        1.8032240612070543,
                        -0.9800801969353667,
                        0.19297624387534817
                    ],
                    [
                        -1.1395649511069518e-10,
                        0.8086502002787159,
                        0.149229400586599,
                        -0.9800801969353667,
                        2.392470331281352,
                        -1.0549160093005427
                    ],
                    [
                        4.806170833424946e-10,
                        0.33331256452911945,
                        0.5593429344555818,
                        0.19297624387534817,
                        -1.0549160093005427,
                        2.578919713593249
                    ]
                ],
                "mui": [
                    1.0,
                    -0.9384671765519375,
                    0.7154615846546069,
                    -1.2770949484986884,
                    -0.11395649511069518,
                    0.48061708334249464
                ],
                "Ai": [
                    [
                        0.0,
                        0.0,
                        0.0,
                        0.0,
                        0.0,
                        0.0
                    ],
                    [
                        -0.9384671765519375,
                        0.0,
                        0.0,
                        0.0,
                        0.0,
                        0.0
                    ],
                    [
                        0.7154615846546069,
                        -0.0,
                        0.0,
                        0.0,
                        0.0,
                        0.0
                    ],
                    [
                        -0.6358784702877989,
                        -0.0,
                        -0.8962276828887192,
                        0.0,
                        0.0,
                        0.0
                    ],
                    [
                        0.0,
                        0.8086502001717715,
                        -0.6092809583940422,
                        -0.8463366771012291,
                        0.0,
                        0.0
                    ],
                    [
                        0.8347060430257152,
                        0.996672105895948,
                        0.6817602001895866,
                        0.0,
                        -0.8203294091498103,
                        0.0
                    ]
                ]
            },
            "est_params": {
                "mui": [
                    0.9999985949951549,
                    -0.9510387192205741,
                    0.7306927845458132,
                    -1.3137046856710393,
                    -0.13012697559649394,
                    0.4672579079739198
                ],
                "Si": [
                    [
                        1.008491498962582e-06,
                        -4.6774717079185653e-07,
                        -2.4253063975722446e-06,
                        1.3074732762869593e-06,
                        -1.0294873357831022e-06,
                        -2.4794976663822964e-06
                    ],
                    [
                        -4.6774717079185674e-07,
                        0.9771796236427776,
                        0.018854257226432716,
                        0.0006875605967239387,
                        0.7986685997721554,
                        0.34662557491811663
                    ],
                    [
                        -2.4253063975722446e-06,
                        0.018854257226432723,
                        0.9699039578968403,
                        -0.8377057693053608,
                        0.1512650137633125,
                        0.5450026725175577
                    ],
                    [
                        1.3074732762869585e-06,
                        0.0006875605967239433,
                        -0.8377057693053608,
                        1.7306818125574368,
                        -0.9845411334302244,
                        0.25894505392213246
                    ],
                    [
                        -1.0294873357831025e-06,
                        0.7986685997721554,
                        0.1512650137633125,
                        -0.9845411334302244,
                        2.422950362861456,
                        -1.0735070779871205
                    ],
                    [
                        -2.4794976663822964e-06,
                        0.34662557491811663,
                        0.5450026725175577,
                        0.25894505392213246,
                        -1.0735070779871205,
                        2.603629070638449
                    ]
                ]
            },
            "est_tgt": [
                0
            ],
            "oracle_est_tgt": [
                0
            ]
        },
        "1": {
            "intv_type": "do",
            "inode": 1,
            "new_mui": 1.0,
            "new_vari": null,
            "noise_type": "gaussian",
            "obs_noise_gamma_shape": null,
            "true_params": {
                "Si": [
                    [
                        1.0,
                        0.0,
                        0.7154615846546069,
                        -1.2770949484986884,
                        0.6449351750626662,
                        0.7934199851087124
                    ],
                    [
                        0.0,
                        1e-09,
                        0.0,
                        0.0,
                        8.086502001717716e-10,
                        3.333125649801628e-10
                    ],
                    [
                        0.7154615846546069,
                        0.0,
                        1.5118852791164812,
                        -1.8099400584959844,
                        0.610655743017962,
                        1.1270044539542328
                    ],
                    [
                        -1.2770949484986884,
                        0.0,
                        -1.8099400584959844,
                        3.4341955670569506,
                        -1.8037236512625483,
                        -0.8202964105310994
                    ],
                    [
                        0.6449351750626662,
                        8.086502001717716e-10,
                        0.610655743017962,
                        -1.8037236512625483,
                        2.1544965657175466,
                        -0.8127448243729098
                    ],
                    [
                        0.7934199851087124,
                        3.333125649801628e-10,
                        1.1270044539542328,
                        -0.8202964105310994,
                        -0.8127448243729098,
                        3.0973377202696075
                    ]
                ],
                "mui": [
                    0.0,
                    1.0,
                    0.0,
                    0.0,
                    0.8086502001717715,
                    0.3333125649801628
                ],
                "Ai": [
                    [
                        0.0,
                        0.0,
                        0.0,
                        0.0,
                        0.0,
                        0.0
                    ],
                    [
                        0.0,
                        0.0,
                        0.0,
                        0.0,
                        0.0,
                        0.0
                    ],
                    [
                        0.7154615846546069,
                        -0.0,
                        0.0,
                        0.0,
                        0.0,
                        0.0
                    ],
                    [
                        -0.6358784702877989,
                        -0.0,
                        -0.8962276828887192,
                        0.0,
                        0.0,
                        0.0
                    ],
                    [
                        0.0,
                        0.8086502001717715,
                        -0.6092809583940422,
                        -0.8463366771012291,
                        0.0,
                        0.0
                    ],
                    [
                        0.8347060430257152,
                        0.996672105895948,
                        0.6817602001895866,
                        0.0,
                        -0.8203294091498103,
                        0.0
                    ]
                ]
            },
            "est_params": {
                "mui": [
                    0.010952083095468938,
                    1.0000015177196033,
                    0.012720941303281948,
                    -0.03470606112268945,
                    0.8533474989923645,
                    0.31920744403242546
                ],
                "Si": [
                    [
                        0.9830487712305647,
                        -2.80296610890657e-06,
                        0.7165168172095456,
                        -1.2697869761226015,
                        0.6596460024562643,
                        0.7828110765205336
                    ],
                    [
                        -2.8029661089065704e-06,
                        1.0123649364140599e-06,
                        -7.854703708818279e-07,
                        3.3660601784734906e-06,
                        -1.0739913399780675e-06,
                        -1.1285523762848166e-06
                    ],
                    [
                        0.7165168172095456,
                        -7.854703708818281e-07,
                        1.5314059594740617,
                        -1.8233428223600456,
                        0.639676808323164,
                        1.1414724963463407
                    ],
                    [
                        -1.2697869761226015,
                        3.3660601784734914e-06,
                        -1.8233428223600456,
                        3.432254027240409,
                        -1.8301412470584142,
                        -0.8560889839664418
                    ],
                    [
                        0.6596460024562643,
                        -1.073991339978068e-06,
                        0.639676808323164,
                        -1.8301412470584142,
                        2.209822737640891,
                        -0.8053480897720253
                    ],
                    [
                        0.7828110765205336,
                        -1.1285523762848173e-06,
                        1.1414724963463407,
                        -0.8560889839664418,
                        -0.8053480897720252,
                        3.1315896536390597
                    ]
                ]
            },
            "est_tgt": [
                1,
                4,
                5
            ],
            "oracle_est_tgt": [
                1,
                2
            ]
        },
        "2": {
            "intv_type": "do",
            "inode": 2,
            "new_mui": 1.0,
            "new_vari": null,
            "noise_type": "gaussian",
            "obs_noise_gamma_shape": null,
            "true_params": {
                "Si": [
                    [
                        1.0,
                        -0.9384671765519375,
                        0.0,
                        -0.6358784702877989,
                        -0.22072439858977314,
                        0.08042870133756702
                    ],
                    [
                        -0.9384671765519375,
                        1.8807206414653654,
                        0.0,
                        0.5967510726411557,
                        1.0157928033124404,
                        0.25783286872215727
                    ],
                    [
                        0.0,
                        0.0,
                        1e-09,
                        -8.962276828887192e-10,
                        1.492294006681305e-10,
                        5.593429341117188e-10
                    ],
                    [
                        -0.6358784702877989,
                        0.5967510726411557,
                        -8.962276828887192e-10,
                        1.404341429778775,
                        -0.7059827843045132,
                        0.6431319861932001
                    ],
                    [
                        -0.22072439858977314,
                        1.0157928033124404,
                        1.492294006681305e-10,
                        -0.7059827843045132,
                        2.4189201773996825,
                        -1.1561389967198394
                    ],
                    [
                        0.08042870133756702,
                        0.25783286872215727,
                        5.593429341117188e-10,
                        0.6431319861932001,
                        -1.1561389967198394,
                        2.2725239717332615
                    ]
                ],
                "mui": [
                    0.0,
                    0.0,
                    1.0,
                    -0.8962276828887192,
                    0.1492294006681305,
                    0.5593429341117188
                ],
                "Ai": [
                    [
                        0.0,
                        0.0,
                        0.0,
                        0.0,
                        0.0,
                        0.0
                    ],
                    [
                        -0.9384671765519375,
                        0.0,
                        0.0,
                        0.0,
                        0.0,
                        0.0
                    ],
                    [
                        0.0,
                        0.0,
                        0.0,
                        0.0,
                        0.0,
                        0.0
                    ],
                    [
                        -0.6358784702877989,
                        -0.0,
                        -0.8962276828887192,
                        0.0,
                        0.0,
                        0.0
                    ],
                    [
                        0.0,
                        0.8086502001717715,
                        -0.6092809583940422,
                        -0.8463366771012291,
                        0.0,
                        0.0
                    ],
                    [
                        0.8347060430257152,
                        0.996672105895948,
                        0.6817602001895866,
                        0.0,
                        -0.8203294091498103,
                        0.0
                    ]
                ]
            },
            "est_params": {
                "mui": [
                    0.020490444088141258,
                    -0.036539702719989346,
                    1.0000009833062797,
                    -0.9239238980564951,
                    0.134629354979678,
                    0.5701899389761379
                ],
                "Si": [
                    [
                        1.0020122234954643,
                        -0.932481884025793,
                        -3.206178504299176e-07,
                        -0.6154593346746869,
                        -0.24769870180162132,
                        0.12711170172277333
                    ],
                    [
                        -0.932481884025793,
                        1.8440684183335567,
                        -3.621689964094629e-06,
                        0.5742494231911461,
                        1.0268702756906312,
                        0.19910509301116033
                    ],
                    [
                        -3.2061785042991766e-07,
                        -3.621689964094629e-06,
                        1.0157007951346675e-06,
                        -8.684877560589773e-07,
                        -2.1333414292642046e-06,
                        -3.233066727567391e-06
                    ],
                    [
                        -0.6154593346746869,
                        0.574249423191146,
                        -8.684877560589773e-07,
                        1.3584166866365202,
                        -0.6680494196228778,
                        0.6013307996699296
                    ],
                    [
                        -0.24769870180162135,
                        1.0268702756906312,
                        -2.1333414292642038e-06,
                        -0.6680494196228778,
                        2.402859974029291,
                        -1.1772094790628378
                    ],
                    [
                        0.12711170172277333,
                        0.1991050930111603,
                        -3.233066727567391e-06,
                        0.6013307996699296,
                        -1.1772094790628376,
                        2.2854430477455723
                    ]
                ]
            },
            "est_tgt": [
                2
            ],
            "oracle_est_tgt": [
                2,
                3,
                4,
                5
            ]
        },
        "3": {
            "intv_type": "do",
            "inode": 3,
            "new_mui": 1.0,
            "new_vari": null,
            "noise_type": "gaussian",
            "obs_noise_gamma_shape": null,
            "true_params": {
                "Si": [
                    [
                        1.0,
                        -0.9384671765519375,
                        0.7154615846546069,
                        0.0,
                        -1.1948087901658404,
                        1.3672720079232983
                    ],
                    [
                        -0.9384671765519375,
                        1.8807206414653654,
                        -0.6714372132821839,
                        0.0,
                        1.929939031998144,
                        -0.9498273358741133
                    ],
                    [
                        0.7154615846546069,
                        -0.6714372132821839,
                        1.5118852791164812,
                        0.0,
                        -1.464120748765348,
                        2.1598018862378905
                    ],
                    [
                        0.0,
                        0.0,
                        0.0,
                        1e-09,
                        -8.463366771012291e-10,
                        6.942748662682651e-10
                    ],
                    [
                        -1.1948087901658404,
                        1.929939031998144,
                        -1.464120748765348,
                        -8.463366771012291e-10,
                        3.4527064782732535,
                        -2.9043336382089047
                    ],
                    [
                        1.3672720079232983,
                        -0.9498273358741133,
                        2.1598018862378905,
                        6.942748662682651e-10,
                        -2.9043336382089047,
                        5.049581060127511
                    ]
                ],
                "mui": [
                    0.0,
                    0.0,
                    0.0,
                    1.0,
                    -0.8463366771012291,
                    0.6942748662682651
                ],
                "Ai": [
                    [
                        0.0,
                        0.0,
                        0.0,
                        0.0,
                        0.0,
                        0.0
                    ],
                    [
                        -0.9384671765519375,
                        0.0,
                        0.0,
                        0.0,
                        0.0,
                        0.0
                    ],
                    [
                        0.7154615846546069,
                        -0.0,
                        0.0,
                        0.0,
                        0.0,
                        0.0
                    ],
                    [
                        0.0,
                        0.0,
                        0.0,
                        0.0,
                        0.0,
                        0.0
                    ],
                    [
                        0.0,
                        0.8086502001717715,
                        -0.6092809583940422,
                        -0.8463366771012291,
                        0.0,
                        0.0
                    ],
                    [
                        0.8347060430257152,
                        0.996672105895948,
                        0.6817602001895866,
                        0.0,
                        -0.8203294091498103,
                        0.0
                    ]
                ]
            },
            "est_params": {
                "mui": [
                    0.01614178142399457,
                    -0.01377904387973879,
                    0.0064914582520517565,
                    0.9999992855047023,
                    -0.8705249309464856,
                    0.73053019229093
                ],
                "Si": [
                    [
                        0.9758305060025574,
                        -0.9020020145639127,
                        0.6804967174355004,
                        -1.3401426745282626e-07,
                        -1.1794061707846597,
                        1.3378449348098926
                    ],
                    [
                        -0.9020020145639127,
                        1.836529495444428,
                        -0.62258935641977,
                        -1.1369183185135262e-06,
                        1.9080238052139773,
                        -0.9034166549947791
                    ],
                    [
                        0.6804967174355004,
                        -0.62258935641977,
                        1.473106392645059,
                        -9.572991492882916e-08,
                        -1.438628484296996,
                        2.131583673600422
                    ],
                    [
                        -1.3401426745282653e-07,
                        -1.1369183185135262e-06,
                        -9.572991492882927e-08,
                        1.0069475988460882e-06,
                        4.934365566367163e-07,
                        -2.411354127770229e-06
                    ],
                    [
                        -1.1794061707846597,
                        1.9080238052139777,
                        -1.4386284842969963,
                        4.93436556636716e-07,
                        3.5068807889060847,
                        -2.9203399232628633
                    ],
                    [
                        1.3378449348098926,
                        -0.9034166549947791,
                        2.131583673600422,
                        -2.411354127770229e-06,
                        -2.9203399232628633,
                        5.0214685005021105
                    ]
                ]
            },
            "est_tgt": [
                1,
                3,
                4,
                5
            ],
            "oracle_est_tgt": [
                2,
                3,
                4,
                5
            ]
        },
        "4": {
            "intv_type": "do",
            "inode": 4,
            "new_mui": 1.0,
            "new_vari": null,
            "noise_type": "gaussian",
            "obs_noise_gamma_shape": null,
            "true_params": {
                "Si": [
                    [
                        1.0,
                        -0.9384671765519375,
                        0.7154615846546069,
                        -1.2770949484986884,
                        0.0,
                        0.38713521903955483
                    ],
                    [
                        -0.9384671765519375,
                        1.8807206414653654,
                        -0.6714372132821839,
                        1.198511690506306,
                        0.0,
                        0.6333584099400811
                    ],
                    [
                        0.7154615846546069,
                        -0.6714372132821839,
                        1.5118852791164812,
                        -1.8099400584959844,
                        0.0,
                        0.9587405774792348
                    ],
                    [
                        -1.2770949484986884,
                        1.198511690506306,
                        -1.8099400584959844,
                        3.4341955670569506,
                        0.0,
                        -1.1054207971230112
                    ],
                    [
                        0.0,
                        0.0,
                        0.0,
                        0.0,
                        1e-09,
                        -8.203294091498104e-10
                    ],
                    [
                        0.38713521903955483,
                        0.6333584099400811,
                        0.9587405774792348,
                        -1.1054207971230112,
                        -8.203294091498104e-10,
                        2.6080259357273534
                    ]
                ],
                "mui": [
                    0.0,
                    0.0,
                    0.0,
                    0.0,
                    1.0,
                    -0.8203294091498103
                ],
                "Ai": [
                    [
                        0.0,
                        0.0,
                        0.0,
                        0.0,
                        0.0,
                        0.0
                    ],
                    [
                        -0.9384671765519375,
                        0.0,
                        0.0,
                        0.0,
                        0.0,
                        0.0
                    ],
                    [
                        0.7154615846546069,
                        -0.0,
                        0.0,
                        0.0,
                        0.0,
                        0.0
                    ],
                    [
                        -0.6358784702877989,
                        -0.0,
                        -0.8962276828887192,
                        0.0,
                        0.0,
                        0.0
                    ],
                    [
                        0.0,
                        0.0,
                        0.0,
                        0.0,
                        0.0,
                        0.0
                    ],
                    [
                        0.8347060430257152,
                        0.996672105895948,
                        0.6817602001895866,
                        0.0,
                        -0.8203294091498103,
                        0.0
                    ]
                ]
            },
            "est_params": {
                "mui": [
                    -0.02715731833525559,
                    0.030528180608371567,
                    0.015838728853986406,
                    0.015828172931860552,
                    0.9999992958003218,
                    -0.8208257540475227
                ],
                "Si": [
                    [
                        0.9764342742909394,
                        -0.9010789186986754,
                        0.6937951557129739,
                        -1.2437269545351644,
                        -1.467322350277881e-07,
                        0.39872061990697955
                    ],
                    [
                        -0.9010789186986754,
                        1.8238922203281498,
                        -0.6847375455321499,
                        1.1865301663102947,
                        -6.715557355190293e-07,
                        0.5806919838795533
                    ],
                    [
                        0.693795155712974,
                        -0.6847375455321499,
                        1.5308374961036066,
                        -1.7936648729346503,
                        6.118411431108387e-08,
                        0.9390705246701093
                    ],
                    [
                        -1.2437269545351644,
                        1.1865301663102947,
                        -1.7936648729346503,
                        3.3792812658238773,
                        2.3413526208881995e-07,
                        -1.0643060737027186
                    ],
                    [
                        -1.4673223502778792e-07,
                        -6.715557355190292e-07,
                        6.118411431108345e-08,
                        2.3413526208881976e-07,
                        1.0042633950894936e-06,
                        6.162222138438062e-07
                    ],
                    [
                        0.39872061990697955,
                        0.5806919838795533,
                        0.9390705246701093,
                        -1.0643060737027186,
                        6.162222138438063e-07,
                        2.56458917734575
                    ]
                ]
            },
            "est_tgt": [
                1,
                3,
                4,
                5
            ],
            "oracle_est_tgt": [
                2,
                4,
                5
            ]
        },
        "5": {
            "intv_type": "do",
            "inode": 5,
            "new_mui": 1.0,
            "new_vari": null,
            "noise_type": "gaussian",
            "obs_noise_gamma_shape": null,
            "true_params": {
                "Si": [
                    [
                        1.0,
                        -0.9384671765519375,
                        0.7154615846546069,
                        -1.2770949484986884,
                        -0.11395649511069518,
                        0.0
                    ],
                    [
                        -0.9384671765519375,
                        1.8807206414653654,
                        -0.6714372132821839,
                        1.198511690506306,
                        0.9155946303880602,
                        0.0
                    ],
                    [
                        0.7154615846546069,
                        -0.6714372132821839,
                        1.5118852791164812,
                        -1.8099400584959844,
                        0.06769790609454758,
                        0.0
                    ],
                    [
                        -1.2770949484986884,
                        1.198511690506306,
                        -1.8099400584959844,
                        3.4341955670569506,
                        -0.8345469328264157,
                        0.0
                    ],
                    [
                        -0.11395649511069518,
                        0.9155946303880602,
                        0.06769790609454758,
                        -0.8345469328264157,
                        2.4054564140462795,
                        0.0
                    ],
                    [
                        0.0,
                        0.0,
                        0.0,
                        0.0,
                        0.0,
                        1e-09
                    ]
                ],
                "mui": [
                    0.0,
                    0.0,
                    0.0,
                    0.0,
                    0.0,
                    1.0
                ],
                "Ai": [
                    [
                        0.0,
                        0.0,
                        0.0,
                        0.0,
                        0.0,
                        0.0
                    ],
                    [
                        -0.9384671765519375,
                        0.0,
                        0.0,
                        0.0,
                        0.0,
                        0.0
                    ],
                    [
                        0.7154615846546069,
                        -0.0,
                        0.0,
                        0.0,
                        0.0,
                        0.0
                    ],
                    [
                        -0.6358784702877989,
                        -0.0,
                        -0.8962276828887192,
                        0.0,
                        0.0,
                        0.0
                    ],
                    [
                        0.0,
                        0.8086502001717715,
                        -0.6092809583940422,
                        -0.8463366771012291,
                        0.0,
                        0.0
                    ],
                    [
                        0.0,
                        0.0,
                        0.0,
                        0.0,
                        0.0,
                        0.0
                    ]
                ]
            },
            "est_params": {
                "mui": [
                    -0.033303117418996005,
                    0.036673829970871555,
                    -0.01603035928895608,
                    0.025132398466112132,
                    0.015409877787028006,
                    0.9999994607598316
                ],
                "Si": [
                    [
                        0.9998607556407054,
                        -0.9554225806490321,
                        0.7017491819756311,
                        -1.2698899877699443,
                        -0.13379440523583203,
                        3.3349208721257123e-06
                    ],
                    [
                        -0.9554225806490321,
                        1.9320364258618175,
                        -0.6789329184072322,
                        1.2101904096175993,
                        0.95397659699608,
                        -3.0378373002097234e-06
                    ],
                    [
                        0.701749181975631,
                        -0.6789329184072321,
                        1.4902183834521547,
                        -1.804669334948284,
                        0.061998948678342235,
                        3.026899465825243e-06
                    ],
                    [
                        -1.2698899877699443,
                        1.2101904096175993,
                        -1.804669334948284,
                        3.4709772033053174,
                        -0.8460063488874201,
                        -3.740530311367775e-06
                    ],
                    [
                        -0.133794405235832,
                        0.95397659699608,
                        0.061998948678342235,
                        -0.8460063488874201,
                        2.476061308174093,
                        4.052325238805737e-07
                    ],
                    [
                        3.3349208721257128e-06,
                        -3.0378373002097234e-06,
                        3.0268994658252433e-06,
                        -3.740530311367775e-06,
                        4.0523252388057395e-07,
                        1.008010550599938e-06
                    ]
                ]
            },
            "est_tgt": [
                1,
                5
            ],
            "oracle_est_tgt": [
                2,
                5
            ]
        },
        "obs": {
            "intv_type": "obs",
            "noise_type": "gaussian",
            "obs_noise_gamma_shape": null,
            "true_params": {
                "Si": [
                    [
                        1.0,
                        -0.9384671765519375,
                        0.7154615846546069,
                        -1.2770949484986884,
                        -0.11395649511069518,
                        0.48061708334249464
                    ],
                    [
                        -0.9384671765519375,
                        1.8807206414653654,
                        -0.6714372132821839,
                        1.198511690506306,
                        0.9155946303880602,
                        -0.11773079222689536
                    ],
                    [
                        0.7154615846546069,
                        -0.6714372132821839,
                        1.5118852791164812,
                        -1.8099400584959844,
                        0.06769790609454758,
                        0.9032059941720152
                    ],
                    [
                        -1.2770949484986884,
                        1.198511690506306,
                        -1.8099400584959844,
                        3.4341955670569506,
                        -0.8345469328264157,
                        -0.4208174048097312
                    ],
                    [
                        -0.11395649511069518,
                        0.9155946303880602,
                        0.06769790609454758,
                        -0.8345469328264157,
