{
    "expt_args": {
        "save_dir": "all_expt_logs/expt_logs_sim_compsel_backward_cameraready_density_var",
        "exp_name": "117",
        "num_nodes": 6,
        "num_tgt_prior": 7,
        "obs_noise_mean": 0.0,
        "obs_noise_var": 1.0,
        "obs_noise_gamma_shape": null,
        "noise_type": "gaussian",
        "max_edge_strength": 1.0,
        "graph_sparsity_method": "adj_dense_prop",
        "adj_dense_prop": 0.6,
        "num_parents": null,
        "new_noise_mean": 1.0,
        "mix_samples": 131072,
        "stage2_samples": 131072,
        "gmm_tol": 0.001,
        "intv_type": "do",
        "new_noise_var": null,
        "dtype": "simulation",
        "cutoff_drop_ratio": 0.07,
        "intv_targets": [
            0,
            1,
            2,
            3,
            4,
            5
        ]
    },
    "intv_args_dict": {
        "0": {
            "intv_type": "do",
            "inode": 0,
            "new_mui": 1.0,
            "new_vari": null,
            "noise_type": "gaussian",
            "obs_noise_gamma_shape": null,
            "true_params": {
                "Si": [
                    [
                        1e-09,
                        9.254770788796785e-10,
                        0.0,
                        -1.3614428157898942e-09,
                        -1.3332454382227072e-09,
                        -2.1774370442523816e-09
                    ],
                    [
                        9.254770788796785e-10,
                        1.0000000008565078,
                        0.0,
                        -0.7137661732946889,
                        -0.7132735468467866,
                        -0.620488455267684
                    ],
                    [
                        0.0,
                        0.0,
                        1.0,
                        -0.5673077030715209,
                        0.0,
                        -1.3691312532610005
                    ],
                    [
                        -1.3614428157898942e-09,
                        -0.7137661732946889,
                        -0.5673077030715209,
                        1.8313001801588873,
                        0.5091105300808774,
                        2.0889185171283042
                    ],
                    [
                        -1.3332454382227072e-09,
                        -0.7132735468467866,
                        0.0,
                        0.5091105300808774,
                        1.508759152648739,
                        0.4425780019663433
                    ],
                    [
                        -2.1774370442523816e-09,
                        -0.620488455267684,
                        -1.3691312532610005,
                        2.0889185171283042,
                        0.4425780019663433,
                        4.015236864591465
                    ]
                ],
                "mui": [
                    1.0,
                    0.9254770788796784,
                    0.0,
                    -1.3614428157898941,
                    -1.333245438222707,
                    -2.1774370442523816
                ],
                "Ai": [
                    [
                        0.0,
                        0.0,
                        0.0,
                        0.0,
                        0.0,
                        0.0
                    ],
                    [
                        0.9254770788796784,
                        0.0,
                        0.0,
                        0.0,
                        0.0,
                        0.0
                    ],
                    [
                        0.0,
                        0.0,
                        0.0,
                        0.0,
                        0.0,
                        0.0
                    ],
                    [
                        -0.7008685838920856,
                        -0.7137661720347048,
                        -0.5673077030715209,
                        0.0,
                        0.0,
                        0.0
                    ],
                    [
                        -0.6731271207867308,
                        -0.7132735456128985,
                        -0.0,
                        -0.0,
                        0.0,
                        0.0
                    ],
                    [
                        -0.9939128313394903,
                        -0.0,
                        -0.8759615108597449,
                        0.869316139603134,
                        0.0,
                        0.0
                    ]
                ]
            },
            "est_params": {
                "mui": [
                    1.0000001603175495,
                    0.936490736616169,
                    -0.007935044848432419,
                    -1.3779163211566512,
                    -1.3509409757076198,
                    -2.192599046033322
                ],
                "Si": [
                    [
                        1.009146540612102e-06,
                        -1.933548405671218e-07,
                        -6.899558192409497e-08,
                        -3.811620094538852e-07,
                        3.6935404571857295e-07,
                        -6.983891680722588e-07
                    ],
                    [
                        -1.933548405671219e-07,
                        0.996770180416278,
                        -0.0005029286493310498,
                        -0.7249489986815243,
                        -0.7061890236568427,
                        -0.623684915378562
                    ],
                    [
                        -6.899558192409495e-08,
                        -0.0005029286493310514,
                        0.9954584637134195,
                        -0.5636167600413599,
                        0.004033279554144041,
                        -1.3693768030832656
                    ],
                    [
                        -3.811620094538852e-07,
                        -0.7249489986815243,
                        -0.5636167600413599,
                        1.8476319758277855,
                        0.5106303455307512,
                        2.1042488928568024
                    ],
                    [
                        3.693540457185733e-07,
                        -0.7061890236568427,
                        0.004033279554144044,
                        0.5106303455307512,
                        1.496466170130642,
                        0.4311209179577817
                    ],
                    [
                        -6.983891680722594e-07,
                        -0.6236849153785619,
                        -1.3693768030832658,
                        2.104248892856803,
                        0.4311209179577817,
                        4.034120149440491
                    ]
                ]
            },
            "est_tgt": [
                0
            ],
            "oracle_est_tgt": [
                0
            ]
        },
        "1": {
            "intv_type": "do",
            "inode": 1,
            "new_mui": 1.0,
            "new_vari": null,
            "noise_type": "gaussian",
            "obs_noise_gamma_shape": null,
            "true_params": {
                "Si": [
                    [
                        1.0,
                        0.0,
                        0.0,
                        -0.7008685838920856,
                        -0.6731271207867308,
                        -1.6031892030576733
                    ],
                    [
                        0.0,
                        1e-09,
                        0.0,
                        -7.137661720347049e-10,
                        -7.132735456128985e-10,
                        -6.204884532525161e-10
                    ],
                    [
                        0.0,
                        0.0,
                        1.0,
                        -0.5673077030715209,
                        0.0,
                        -1.3691312532610005
                    ],
                    [
                        -0.7008685838920856,
                        -7.137661720347049e-10,
                        -0.5673077030715209,
                        1.8130548023606445,
                        0.4717736524342634,
                        2.7696597929950615
                    ],
                    [
                        -0.6731271207867308,
                        -7.132735456128985e-10,
                        0.0,
                        0.4717736524342634,
                        1.453100121247393,
                        1.079150132773163
                    ],
                    [
                        -1.6031892030576733,
                        -6.204884532525161e-10,
                        -1.3691312532610005,
                        2.7696597929950615,
                        1.079150132773163,
                        6.200446560416237
                    ]
                ],
                "mui": [
                    0.0,
                    1.0,
                    0.0,
                    -0.7137661720347048,
                    -0.7132735456128985,
                    -0.620488453252516
                ],
                "Ai": [
                    [
                        0.0,
                        0.0,
                        0.0,
                        0.0,
                        0.0,
                        0.0
                    ],
                    [
                        0.0,
                        0.0,
                        0.0,
                        0.0,
                        0.0,
                        0.0
                    ],
                    [
                        0.0,
                        0.0,
                        0.0,
                        0.0,
                        0.0,
                        0.0
                    ],
                    [
                        -0.7008685838920856,
                        -0.7137661720347048,
                        -0.5673077030715209,
                        0.0,
                        0.0,
                        0.0
                    ],
                    [
                        -0.6731271207867308,
                        -0.7132735456128985,
                        -0.0,
                        -0.0,
                        0.0,
                        0.0
                    ],
                    [
                        -0.9939128313394903,
                        -0.0,
                        -0.8759615108597449,
                        0.869316139603134,
                        0.0,
                        0.0
                    ]
                ]
            },
            "est_params": {
                "mui": [
                    -0.004895260997666596,
                    1.0000000849348585,
                    0.0005039882050091485,
                    -0.7005002277740616,
                    -0.7098309786189189,
                    -0.6093595890169334
                ],
                "Si": [
                    [
                        1.0097557475184609,
                        1.1253991586302319e-07,
                        -0.00197475742676147,
                        -0.7074063349205453,
                        -0.6813417235701489,
                        -1.6246261334259704
                    ],
                    [
                        1.1253991586302338e-07,
                        1.0112894724652948e-06,
                        4.15425800873799e-08,
                        7.910789354911908e-07,
                        6.532894499019969e-07,
                        2.7349272507754585e-07
                    ],
                    [
                        -0.0019747574267614705,
                        4.154258008738002e-08,
                        1.0066904379849968,
                        -0.5686254532543527,
                        -0.002344289621154233,
                        -1.3890786299872695
                    ],
                    [
                        -0.7074063349205453,
                        7.910789354911908e-07,
                        -0.5686254532543527,
                        1.8248056556565702,
                        0.46548995832448486,
                        2.794387989998864
                    ],
                    [
                        -0.681341723570149,
                        6.532894499019972e-07,
                        -0.002344289621154231,
                        0.46548995832448486,
                        1.4512209004222014,
                        1.08176716051602
                    ],
                    [
                        -1.6246261334259704,
                        2.7349272507754564e-07,
                        -1.3890786299872695,
                        2.794387989998864,
                        1.0817671605160195,
                        6.276082634737935
                    ]
                ]
            },
            "est_tgt": [
                1
            ],
            "oracle_est_tgt": [
                1
            ]
        },
        "2": {
            "intv_type": "do",
            "inode": 2,
            "new_mui": 1.0,
            "new_vari": null,
            "noise_type": "gaussian",
            "obs_noise_gamma_shape": null,
            "true_params": {
                "Si": [
                    [
                        1.0,
                        0.9254770788796784,
                        0.0,
                        -1.3614428157898941,
                        -1.333245438222707,
                        -2.1774370442523816
                    ],
                    [
                        0.9254770788796784,
                        1.8565078235316625,
                        0.0,
                        -1.9737502922536603,
                        -1.9471616392089062,
                        -2.6356565284116114
                    ],
                    [
                        0.0,
                        0.0,
                        1e-09,
                        -5.673077030715209e-10,
                        0.0,
                        -1.3691312532610005e-09
                    ],
                    [
                        -1.3614428157898941,
                        -1.9737502922536603,
                        -5.673077030715209e-10,
                        3.3629886893288297,
                        2.3242479518186934,
                        4.276655829181823
                    ],
                    [
                        -1.333245438222707,
                        -1.9471616392089062,
                        0.0,
                        2.3242479518186934,
                        3.2863025494128535,
                        3.345636005329908
                    ],
                    [
                        -2.1774370442523816,
                        -2.6356565284116114,
                        -1.3691312532610005e-09,
                        4.276655829181823,
                        3.345636005329908,
                        6.881948554751264
                    ]
                ],
                "mui": [
                    0.0,
                    0.0,
                    1.0,
                    -0.5673077030715209,
                    0.0,
                    -1.3691312532610005
                ],
                "Ai": [
                    [
                        0.0,
                        0.0,
                        0.0,
                        0.0,
                        0.0,
                        0.0
                    ],
                    [
                        0.9254770788796784,
                        0.0,
                        0.0,
                        0.0,
                        0.0,
                        0.0
                    ],
                    [
                        0.0,
                        0.0,
                        0.0,
                        0.0,
                        0.0,
                        0.0
                    ],
                    [
                        -0.7008685838920856,
                        -0.7137661720347048,
                        -0.5673077030715209,
                        0.0,
                        0.0,
                        0.0
                    ],
                    [
                        -0.6731271207867308,
                        -0.7132735456128985,
                        -0.0,
                        -0.0,
                        0.0,
                        0.0
                    ],
                    [
                        -0.9939128313394903,
                        -0.0,
                        -0.8759615108597449,
                        0.869316139603134,
                        0.0,
                        0.0
                    ]
                ]
            },
            "est_params": {
                "mui": [
                    -0.005115772857474233,
                    -0.0019825356262134384,
                    1.0000002404862056,
                    -0.5695323323530336,
                    0.0026329403376762353,
                    -1.369317699609979
                ],
                "Si": [
                    [
                        0.9925579168901533,
                        0.9252287659649692,
                        3.368361840473603e-07,
                        -1.3641816793549861,
                        -1.3320413213208402,
                        -2.177429757484879
                    ],
                    [
                        0.9252287659649692,
                        1.8679297509531863,
                        1.3445033217853167e-06,
                        -1.9868327285582141,
                        -1.9588182581264089,
                        -2.6456724079818623
                    ],
                    [
                        3.3683618404736033e-07,
                        1.3445033217853159e-06,
                        1.0115185669836456e-06,
                        -9.15534541355542e-08,
                        -1.6882612532052724e-06,
                        -2.565763418193188e-07
                    ],
                    [
                        -1.3641816793549861,
                        -1.9868327285582141,
                        -9.1553454135554e-08,
                        3.3831593420687165,
                        2.3400654077032024,
                        4.287537028365143
                    ],
                    [
                        -1.3320413213208402,
                        -1.9588182581264089,
                        -1.688261253205272e-06,
                        2.3400654077032024,
                        3.298252039149712,
                        3.3556142025247953
                    ],
                    [
                        -2.177429757484879,
                        -2.6456724079818623,
                        -2.5657634181931893e-07,
                        4.287537028365143,
                        3.3556142025247953,
                        6.871242520694219
                    ]
                ]
            },
            "est_tgt": [
                2
            ],
            "oracle_est_tgt": [
                2
            ]
        },
        "3": {
            "intv_type": "do",
            "inode": 3,
            "new_mui": 1.0,
            "new_vari": null,
            "noise_type": "gaussian",
            "obs_noise_gamma_shape": null,
            "true_params": {
                "Si": [
                    [
                        1.0,
                        0.9254770788796784,
                        0.0,
                        0.0,
                        -1.333245438222707,
                        -0.9939128313394903
                    ],
                    [
                        0.9254770788796784,
                        1.8565078235316625,
                        0.0,
                        0.0,
                        -1.9471616392089062,
                        -0.9198435438091019
                    ],
                    [
                        0.0,
                        0.0,
                        1.0,
                        0.0,
                        0.0,
                        -0.8759615108597449
                    ],
                    [
                        0.0,
                        0.0,
                        0.0,
                        1e-09,
                        0.0,
                        8.693161396031341e-10
                    ],
                    [
                        -1.333245438222707,
                        -1.9471616392089062,
                        0.0,
                        0.0,
                        3.2863025494128535,
                        1.3251297483743902
                    ],
                    [
                        -0.9939128313394903,
                        -0.9198435438091019,
                        -0.8759615108597449,
                        8.693161396031341e-10,
                        1.3251297483743902,
                        2.7551712855646797
                    ]
                ],
                "mui": [
                    0.0,
                    0.0,
                    0.0,
                    1.0,
                    0.0,
                    0.869316139603134
                ],
                "Ai": [
                    [
                        0.0,
                        0.0,
                        0.0,
                        0.0,
                        0.0,
                        0.0
                    ],
                    [
                        0.9254770788796784,
                        0.0,
                        0.0,
                        0.0,
                        0.0,
                        0.0
                    ],
                    [
                        0.0,
                        0.0,
                        0.0,
                        0.0,
                        0.0,
                        0.0
                    ],
                    [
                        0.0,
                        0.0,
                        0.0,
                        0.0,
                        0.0,
                        0.0
                    ],
                    [
                        -0.6731271207867308,
                        -0.7132735456128985,
                        -0.0,
                        -0.0,
                        0.0,
                        0.0
                    ],
                    [
                        -0.9939128313394903,
                        -0.0,
                        -0.8759615108597449,
                        0.869316139603134,
                        0.0,
                        0.0
                    ]
                ]
            },
            "est_params": {
                "mui": [
                    -0.00718041201291755,
                    -0.010978915746789282,
                    0.006627444593348383,
                    0.9999996457188189,
                    0.007172610224050688,
                    0.8781925862607453
                ],
                "Si": [
                    [
                        1.016410066128905,
                        0.9455456886713617,
                        -0.0012971020885096348,
                        3.4147832224503383e-07,
                        -1.3573426906665635,
                        -1.0160032958394187
                    ],
                    [
                        0.9455456886713617,
                        1.8889894765348023,
                        -0.002928701979792748,
                        3.9349148236412796e-08,
                        -1.9781872245039163,
                        -0.931507896559844
                    ],
                    [
                        -0.0012971020885096354,
                        -0.0029287019797927475,
                        0.992317678326388,
                        -9.059391246283514e-08,
                        0.005968617550826799,
                        -0.8617612709558996
                    ],
                    [
                        3.414783222450336e-07,
                        3.9349148236412724e-08,
                        -9.059391246283529e-08,
                        1.0083822628541885e-06,
                        -3.046354469955681e-07,
                        -5.659250511949626e-07
                    ],
                    [
                        -1.3573426906665635,
                        -1.9781872245039163,
                        0.005968617550826793,
                        -3.046354469955683e-07,
                        3.32358002753679,
                        1.343004242863315
                    ],
                    [
                        -1.0160032958394187,
                        -0.9315078965598439,
                        -0.8617612709558996,
                        -5.659250511949624e-07,
                        1.3430042428633153,
                        2.750509202113597
                    ]
                ]
            },
            "est_tgt": [
                3
            ],
            "oracle_est_tgt": [
                3
            ]
        },
        "4": {
            "intv_type": "do",
            "inode": 4,
            "new_mui": 1.0,
            "new_vari": null,
            "noise_type": "gaussian",
            "obs_noise_gamma_shape": null,
            "true_params": {
                "Si": [
                    [
                        1.0,
                        0.9254770788796784,
                        0.0,
                        -1.3614428157898941,
                        0.0,
                        -2.1774370442523816
                    ],
                    [
                        0.9254770788796784,
                        1.8565078235316625,
                        0.0,
                        -1.9737502922536603,
                        0.0,
                        -2.6356565284116114
                    ],
                    [
                        0.0,
                        0.0,
                        1.0,
                        -0.5673077030715209,
                        0.0,
                        -1.3691312532610005
                    ],
                    [
                        -1.3614428157898941,
                        -1.9737502922536603,
                        -0.5673077030715209,
                        3.6848267189712764,
                        0.0,
                        5.053374534896035
                    ],
                    [
                        0.0,
                        0.0,
                        0.0,
                        0.0,
                        1e-09,
                        0.0
                    ],
                    [
                        -2.1774370442523816,
                        -2.6356565284116114,
                        -1.3691312532610005,
                        5.053374534896035,
                        0.0,
                        8.75646894153278
                    ]
                ],
                "mui": [
                    0.0,
                    0.0,
                    0.0,
                    0.0,
                    1.0,
                    0.0
                ],
                "Ai": [
                    [
                        0.0,
                        0.0,
                        0.0,
                        0.0,
                        0.0,
                        0.0
                    ],
                    [
                        0.9254770788796784,
                        0.0,
                        0.0,
                        0.0,
                        0.0,
                        0.0
                    ],
                    [
                        0.0,
                        0.0,
                        0.0,
                        0.0,
                        0.0,
                        0.0
                    ],
                    [
                        -0.7008685838920856,
                        -0.7137661720347048,
                        -0.5673077030715209,
                        0.0,
                        0.0,
                        0.0
                    ],
                    [
                        0.0,
                        0.0,
                        0.0,
                        0.0,
                        0.0,
                        0.0
                    ],
                    [
                        -0.9939128313394903,
                        -0.0,
                        -0.8759615108597449,
                        0.869316139603134,
                        0.0,
                        0.0
                    ]
                ]
            },
            "est_params": {
                "mui": [
                    -0.003658734958753433,
                    -0.01394130454858498,
                    0.01331881890888607,
                    -0.0018469904097854325,
                    0.9999995287997072,
                    -0.005069444433947315
                ],
                "Si": [
                    [
                        1.0154079060425292,
                        0.9306136380099383,
                        0.0009214778027749758,
                        -1.3660408676801705,
                        6.826756451625645e-07,
                        -2.206257112850131
                    ],
                    [
                        0.9306136380099383,
                        1.8494499661934245,
                        0.014409246496754706,
                        -1.974502870030787,
                        4.727872721190214e-08,
                        -2.656582078593375
                    ],
                    [
                        0.000921477802774977,
                        0.014409246496754706,
                        1.003612907991585,
                        -0.5865982114873712,
                        3.869181310182971e-08,
                        -1.3949670744489593
                    ],
                    [
                        -1.3660408676801703,
                        -1.974502870030787,
                        -0.5865982114873712,
                        3.6964287842549566,
                        -3.242198843103227e-07,
                        5.096751619217548
                    ],
                    [
                        6.826756451625647e-07,
                        4.727872721190222e-08,
                        3.869181310182952e-08,
                        -3.242198843103228e-07,
                        1.0116836632684503e-06,
                        -1.6596645949033408e-06
                    ],
                    [
                        -2.206257112850131,
                        -2.6565820785933747,
                        -1.3949670744489593,
                        5.096751619217548,
                        -1.6596645949033408e-06,
                        8.851645693833335
                    ]
                ]
            },
            "est_tgt": [
                4
            ],
            "oracle_est_tgt": [
                4
            ]
        },
        "5": {
            "intv_type": "do",
            "inode": 5,
            "new_mui": 1.0,
            "new_vari": null,
            "noise_type": "gaussian",
            "obs_noise_gamma_shape": null,
            "true_params": {
                "Si": [
                    [
                        1.0,
                        0.9254770788796784,
                        0.0,
                        -1.3614428157898941,
                        -1.333245438222707,
                        0.0
                    ],
                    [
                        0.9254770788796784,
                        1.8565078235316625,
                        0.0,
                        -1.9737502922536603,
                        -1.9471616392089062,
                        0.0
                    ],
                    [
                        0.0,
                        0.0,
                        1.0,
                        -0.5673077030715209,
                        0.0,
                        0.0
                    ],
                    [
                        -1.3614428157898941,
                        -1.9737502922536603,
                        -0.5673077030715209,
                        3.6848267189712764,
                        2.3242479518186934,
                        0.0
                    ],
                    [
                        -1.333245438222707,
                        -1.9471616392089062,
                        0.0,
                        2.3242479518186934,
                        3.2863025494128535,
                        0.0
                    ],
                    [
                        0.0,
                        0.0,
                        0.0,
                        0.0,
                        0.0,
                        1e-09
                    ]
                ],
                "mui": [
                    0.0,
                    0.0,
                    0.0,
                    0.0,
                    0.0,
                    1.0
                ],
                "Ai": [
                    [
                        0.0,
                        0.0,
                        0.0,
                        0.0,
                        0.0,
                        0.0
                    ],
                    [
                        0.9254770788796784,
                        0.0,
                        0.0,
                        0.0,
                        0.0,
                        0.0
                    ],
                    [
                        0.0,
                        0.0,
                        0.0,
                        0.0,
                        0.0,
                        0.0
                    ],
                    [
                        -0.7008685838920856,
                        -0.7137661720347048,
                        -0.5673077030715209,
                        0.0,
                        0.0,
                        0.0
                    ],
                    [
                        -0.6731271207867308,
                        -0.7132735456128985,
                        -0.0,
                        -0.0,
                        0.0,
                        0.0
                    ],
                    [
                        0.0,
                        0.0,
                        0.0,
                        0.0,
                        0.0,
                        0.0
                    ]
                ]
            },
            "est_params": {
                "mui": [
                    0.0006191583212658304,
                    0.016067121947748297,
                    -0.00031685197053055164,
                    -0.021752752146270735,
                    -0.02014056181763018,
                    1.0000000158461064
                ],
                "Si": [
                    [
                        0.9814821588919581,
                        0.9075851022379525,
                        -0.009820242550810154,
                        -1.3285011100540174,
                        -1.30766854304574,
                        -1.6406744480494881e-09
                    ],
                    [
                        0.9075851022379525,
                        1.8542438731254762,
                        -0.008280143623364452,
                        -1.9548246720780025,
                        -1.9455896048080752,
                        1.801642445733713e-07
                    ],
                    [
                        -0.00982024255081016,
                        -0.008280143623364456,
                        0.9968507827636992,
                        -0.5448730771480341,
                        0.008286221246484982,
                        2.681561023474328e-07
                    ],
                    [
                        -1.3285011100540174,
                        -1.9548246720780025,
                        -0.544873077148034,
                        3.6523226704915968,
                        2.2947023401580062,
                        -2.5714456946572904e-07
                    ],
                    [
                        -1.30766854304574,
                        -1.9455896048080747,
                        0.008286221246484987,
                        2.2947023401580062,
                        3.2939254022823814,
                        1.0291045744483643e-06
                    ],
                    [
                        -1.640674448049465e-09,
                        1.8016424457337112e-07,
                        2.681561023474328e-07,
                        -2.5714456946572914e-07,
                        1.0291045744483643e-06,
                        1.0060541243327014e-06
                    ]
                ]
            },
            "est_tgt": [
                5
            ],
            "oracle_est_tgt": [
                5
            ]
        },
        "obs": {
            "intv_type": "obs",
            "noise_type": "gaussian",
            "obs_noise_gamma_shape": null,
            "true_params": {
                "Si": [
                    [
                        1.0,
                        0.9254770788796784,
                        0.0,
                        -1.3614428157898941,
                        -1.333245438222707,
                        -2.1774370442523816
                    ],
                    [
                        0.9254770788796784,
                        1.8565078235316625,
                        0.0,
                        -1.9737502922536603,
                        -1.9471616392089062,
                        -2.6356565284116114
                    ],
                    [
                        0.0,
                        0.0,
                        1.0,
                        -0.5673077030715209,
                        0.0,
                        -1.3691312532610005
                    ],
                    [
                        -1.3614428157898941,
                        -1.9737502922536603,
                        -0.5673077030715209,
                        3.6848267189712764,
                        2.3242479518186934,
                        5.053374534896035
                    ],
                    [
                        -1.333245438222707,
                        -1.9471616392089062,
                        0.0,
                        2.3242479518186934,
                        3.2863025494128535,
                        3.345636005329908
                    ],
                    [
                        -2.1774370442523816,
                        -2.6356565284116114,
                        -1.3691312532610005,
                        5.053374534896035,
                        3.345636005329908,
                        8.75646894153278
                    ]
                ],
                "mui": [
                    0.0,
                    0.0,
                    0.0,
                    0.0,
                    0.0,
                    0.0
                ],
                "Ai": [
                    [
                        0.0,
                        0.0,
                        0.0,
                        0.0,
                        0.0,
                        0.0
                    ],
                    [
                        0.9254770788796784,
                        0.0,
                        0.0,
                        0.0,
                        0.0,
                        0.0
                    ],
                    [
                        0.0,
                        0.0,
