{
    "expt_args": {
        "save_dir": "expt_logs_29.04.24-6",
        "exp_name": "104",
        "num_nodes": 6,
        "obs_noise_mean": 0.5,
        "obs_noise_var": 1.0,
        "max_edge_strength": 1.0,
        "num_parents": 2,
        "new_noise_mean": 10.0,
        "mix_samples": 1024,
        "stage2_samples": 1024,
        "intv_targets": [
            0,
            1,
            2,
            3,
            4,
            5
        ]
    },
    "intv_args_dict": {
        "0": {
            "intv_type": "do",
            "inode": 0,
            "new_mui": 10.0,
            "true_params": {
                "Si": [
                    [
                        0.0,
                        0.0,
                        0.0,
                        0.0,
                        0.0,
                        0.0
                    ],
                    [
                        0.0,
                        1.0,
                        -0.47362672046439913,
                        0.41822491631148906,
                        -0.3728218529909448,
                        0.46673027952602086
                    ],
                    [
                        0.0,
                        -0.47362672046439913,
                        1.224322270337862,
                        -1.0811089343698315,
                        0.9637422842990806,
                        -1.2064950113127646
                    ],
                    [
                        0.0,
                        0.41822491631148906,
                        -1.0811089343698315,
                        1.9546477723154814,
                        -1.4647147816708794,
                        1.0653669933186087
                    ],
                    [
                        0.0,
                        -0.3728218529909448,
                        0.9637422842990806,
                        -1.4647147816708794,
                        2.1352567887118123,
                        -0.949709309687831
                    ],
                    [
                        0.0,
                        0.46673027952602086,
                        -1.2064950113127646,
                        1.0653669933186087,
                        -0.949709309687831,
                        2.188927333585866
                    ]
                ],
                "mui": [
                    10.0,
                    -5.6896461279763475,
                    -0.41566097637370314,
                    -1.290108927765964,
                    1.1898068197811718,
                    7.212617697518184
                ],
                "Ai": [
                    [
                        0.0,
                        0.0,
                        0.0,
                        0.0,
                        0.0,
                        0.0
                    ],
                    [
                        -0.6189646127976347,
                        0.0,
                        0.0,
                        0.0,
                        0.0,
                        0.0
                    ],
                    [
                        -0.36104294125701075,
                        -0.47362672046439913,
                        0.0,
                        0.0,
                        0.0,
                        0.0
                    ],
                    [
                        -0.2157148559498293,
                        0.0,
                        -0.8830264388407232,
                        0.0,
                        0.0,
                        0.0
                    ],
                    [
                        -0.0,
                        0.0,
                        0.24524627183382608,
                        -0.6137048644060386,
                        0.0,
                        0.0
                    ],
                    [
                        0.6303009127501833,
                        -0.0,
                        -0.9854390796794231,
                        0.0,
                        -0.0,
                        0.0
                    ]
                ]
            },
            "est_params": {
                "mui": [
                    10.0,
                    -5.557339205404682,
                    -0.4731487659636784,
                    -1.2787575181352047,
                    1.299881200269572,
                    7.363634098166015
                ],
                "Si": [
                    [
                        1e-06,
                        0.0,
                        0.0,
                        0.0,
                        0.0,
                        0.0
                    ],
                    [
                        0.0,
                        1.0160895370932177,
                        -0.6255924830735272,
                        0.6704361022315493,
                        -0.5008377611545926,
                        0.7617893716893411
                    ],
                    [
                        0.0,
                        -0.6255924830735272,
                        1.2370056157405687,
                        -1.0964536588693539,
                        0.8211003161316084,
                        -1.3777522215930904
                    ],
                    [
                        0.0,
                        0.6704361022315493,
                        -1.0964536588693539,
                        2.1218488235882975,
                        -1.3364516450364612,
                        1.2168334429018548
                    ],
                    [
                        0.0,
                        -0.5008377611545926,
                        0.8211003161316084,
                        -1.3364516450364612,
                        1.7407641017008582,
                        -0.9828877623845371
                    ],
                    [
                        0.0,
                        0.7617893716893411,
                        -1.3777522215930904,
                        1.2168334429018548,
                        -0.9828877623845371,
                        2.5431083683368665
                    ]
                ]
            },
            "est_tgt": [
                0,
                2,
                3
            ]
        },
        "1": {
            "intv_type": "do",
            "inode": 1,
            "new_mui": 10.0,
            "true_params": {
                "Si": [
                    [
                        1.0,
                        0.0,
                        -0.36104294125701075,
                        0.1030956067369293,
                        -0.15181471066854643,
                        0.986086736507244
                    ],
                    [
                        0.0,
                        0.0,
                        0.0,
                        0.0,
                        0.0,
                        0.0
                    ],
                    [
                        -0.36104294125701075,
                        0.0,
                        1.1303520054315133,
                        -0.9202483799277003,
                        0.8419755224153732,
                        -1.3414587353625254
                    ],
                    [
                        0.1030956067369293,
                        0.0,
                        -0.9202483799277003,
                        1.790364395820185,
                        -1.3244428231126126,
                        0.9718299716192536
                    ],
                    [
                        -0.15181471066854643,
                        0.0,
                        0.8419755224153732,
                        -1.3244428231126126,
                        2.019308361019585,
                        -0.9254045346248967
                    ],
                    [
                        0.986086736507244,
                        0.0,
                        -1.3414587353625254,
                        0.9718299716192536,
                        -0.9254045346248967,
                        2.9434572316749352
                    ]
                ],
                "mui": [
                    0.5,
                    10.0,
                    -4.416788675272497,
                    4.292283747062994,
                    -3.217396371071981,
                    5.16762662367412
                ],
                "Ai": [
                    [
                        0.0,
                        0.0,
                        0.0,
                        0.0,
                        0.0,
                        0.0
                    ],
                    [
                        0.0,
                        0.0,
                        0.0,
                        0.0,
                        0.0,
                        0.0
                    ],
                    [
                        -0.36104294125701075,
                        -0.47362672046439913,
                        0.0,
                        0.0,
                        0.0,
                        0.0
                    ],
                    [
                        -0.2157148559498293,
                        0.0,
                        -0.8830264388407232,
                        0.0,
                        0.0,
                        0.0
                    ],
                    [
                        -0.0,
                        0.0,
                        0.24524627183382608,
                        -0.6137048644060386,
                        0.0,
                        0.0
                    ],
                    [
                        0.6303009127501833,
                        -0.0,
                        -0.9854390796794231,
                        0.0,
                        -0.0,
                        0.0
                    ]
                ]
            },
            "est_params": {
                "mui": [
                    0.598971533216006,
                    10.0,
                    -4.518876760042308,
                    4.266312714152816,
                    -3.285954994770192,
                    5.265920788736251
                ],
                "Si": [
                    [
                        1.1524947135017383,
                        0.0,
                        -0.4437374273976386,
                        0.16756881598309772,
                        -0.104663048455299,
                        1.1757407150984975
                    ],
                    [
                        0.0,
                        1e-06,
                        0.0,
                        0.0,
                        0.0,
                        0.0
                    ],
                    [
                        -0.4437374273976386,
                        0.0,
                        1.1142348034447025,
                        -0.7435989901240126,
                        0.6643691042128405,
                        -1.3798247883365962
                    ],
                    [
                        0.16756881598309772,
                        0.0,
                        -0.7435989901240126,
                        1.5176609065125344,
                        -1.1731852192325567,
                        0.6863931628156784
                    ],
                    [
                        -0.104663048455299,
                        0.0,
                        0.6643691042128405,
                        -1.1731852192325567,
                        1.7613422811421808,
                        -0.7293551333441897
                    ],
                    [
                        1.1757407150984975,
                        0.0,
                        -1.3798247883365962,
                        0.6863931628156784,
                        -0.7293551333441897,
                        3.166072633193447
                    ]
                ]
            },
            "est_tgt": [
                1,
                2
            ]
        },
        "2": {
            "intv_type": "do",
            "inode": 2,
            "new_mui": 10.0,
            "true_params": {
                "Si": [
                    [
                        1.0,
                        -0.6189646127976347,
                        0.0,
                        -0.2157148559498293,
                        0.13238525642105814,
                        0.6303009127501833
                    ],
                    [
                        -0.6189646127976347,
                        1.383117191895726,
                        0.0,
                        0.13351986228768364,
                        -0.08194178898077584,
                        -0.39013396040641296
                    ],
                    [
                        0.0,
                        0.0,
                        0.0,
                        0.0,
                        0.0,
                        0.0
                    ],
                    [
                        -0.2157148559498293,
                        0.13351986228768364,
                        0.0,
                        1.0465328990774556,
                        -0.6422623309247883,
                        -0.13596527059895172
                    ],
                    [
                        0.13238525642105814,
                        -0.08194178898077584,
                        0.0,
                        -0.6422623309247883,
                        1.3941595167133034,
                        0.08344254795686001
                    ],
                    [
                        0.6303009127501833,
                        -0.39013396040641296,
                        0.0,
                        -0.13596527059895172,
                        0.08344254795686001,
                        1.3972792406137142
                    ]
                ],
                "mui": [
                    0.5,
                    0.19051769360118265,
                    10.0,
                    -8.438121816382147,
                    8.130979123502701,
                    -9.03924034041914
                ],
                "Ai": [
                    [
                        0.0,
                        0.0,
                        0.0,
                        0.0,
                        0.0,
                        0.0
                    ],
                    [
                        -0.6189646127976347,
                        0.0,
                        0.0,
                        0.0,
                        0.0,
                        0.0
                    ],
                    [
                        0.0,
                        0.0,
                        0.0,
                        0.0,
                        0.0,
                        0.0
                    ],
                    [
                        -0.2157148559498293,
                        0.0,
                        -0.8830264388407232,
                        0.0,
                        0.0,
                        0.0
                    ],
                    [
                        -0.0,
                        0.0,
                        0.24524627183382608,
                        -0.6137048644060386,
                        0.0,
                        0.0
                    ],
                    [
                        0.6303009127501833,
                        -0.0,
                        -0.9854390796794231,
                        0.0,
                        -0.0,
                        0.0
                    ]
                ]
            },
            "est_params": {
                "mui": [
                    0.5474930788715362,
                    0.1252202332127589,
                    10.0,
                    -8.423091693339213,
                    8.217210129568121,
                    -8.930883939293134
                ],
                "Si": [
                    [
                        0.8687739468819476,
                        -0.505779576454883,
                        0.0,
                        -0.2038911989505132,
                        0.06764111770349329,
                        0.6804773013325679
                    ],
                    [
                        -0.505779576454883,
                        1.4435814722828464,
                        0.0,
                        0.02316658476102379,
                        0.01300457869908179,
                        -0.4314982513762741
                    ],
                    [
                        0.0,
                        0.0,
                        1e-06,
                        0.0,
                        0.0,
                        0.0
                    ],
                    [
                        -0.2038911989505132,
                        0.02316658476102379,
                        0.0,
                        1.027199709346731,
                        -0.6416016996988039,
                        -0.0504098435366475
                    ],
                    [
                        0.06764111770349329,
                        0.01300457869908179,
                        0.0,
                        -0.6416016996988039,
                        1.3372854728480035,
                        0.0032244933716768526
                    ],
                    [
                        0.6804773013325679,
                        -0.4314982513762741,
                        0.0,
                        -0.0504098435366475,
                        0.0032244933716768526,
                        1.454795178622105
                    ]
                ]
            },
            "est_tgt": [
                1,
                2,
                4
            ]
        },
        "3": {
            "intv_type": "do",
            "inode": 3,
            "new_mui": 10.0,
            "true_params": {
                "Si": [
                    [
                        1.0,
                        -0.6189646127976347,
                        -0.06788476161415036,
                        0.0,
                        -0.0166484847001984,
                        0.6971972097594886
                    ],
                    [
                        -0.6189646127976347,
                        1.383117191895726,
                        -0.43160845527703684,
                        0.0,
                        -0.10585036454864993,
                        0.03518987854364769
                    ],
                    [
                        -0.06788476161415036,
                        -0.43160845527703684,
                        1.228930611197272,
                        0.0,
                        0.3013906507385962,
                        -1.2538240776953384
                    ],
                    [
                        0.0,
                        0.0,
                        0.0,
                        0.0,
                        0.0,
                        0.0
                    ],
                    [
                        -0.0166484847001984,
                        -0.10585036454864993,
                        0.3013906507385962,
                        0.0,
                        1.0739149334592115,
                        -0.3074956805902672
                    ],
                    [
                        0.6971972097594886,
                        0.03518987854364769,
                        -1.2538240776953384,
                        0.0,
                        -0.3074956805902672,
                        2.6750112828822825
                    ]
                ],
                "mui": [
                    0.5,
                    0.19051769360118265,
                    0.22924425896072526,
                    10.0,
                    -5.5808273442109595,
                    0.5892442048030432
                ],
                "Ai": [
                    [
                        0.0,
                        0.0,
                        0.0,
                        0.0,
                        0.0,
                        0.0
                    ],
                    [
                        -0.6189646127976347,
                        0.0,
                        0.0,
                        0.0,
                        0.0,
                        0.0
                    ],
                    [
                        -0.36104294125701075,
                        -0.47362672046439913,
                        0.0,
                        0.0,
                        0.0,
                        0.0
                    ],
                    [
                        0.0,
                        0.0,
                        0.0,
                        0.0,
                        0.0,
                        0.0
                    ],
                    [
                        -0.0,
                        0.0,
                        0.24524627183382608,
                        -0.6137048644060386,
                        0.0,
                        0.0
                    ],
                    [
                        0.6303009127501833,
                        -0.0,
                        -0.9854390796794231,
                        0.0,
                        -0.0,
                        0.0
                    ]
                ]
            },
            "est_params": {
                "mui": [
                    0.6054848756094962,
                    0.2119551209036427,
                    0.1609920301982012,
                    10.0,
                    -5.603456111764137,
                    0.6422081124664868
                ],
                "Si": [
                    [
                        1.1022384210613076,
                        -0.6881374415019386,
                        0.03138929510602445,
                        0.0,
                        0.1053867934393493,
                        0.8102584373049617
                    ],
                    [
                        -0.6881374415019386,
                        1.3929959993399372,
                        -0.46097523314354605,
                        0.0,
                        -0.2931829183617911,
                        -0.17150785043074507
                    ],
                    [
                        0.03138929510602445,
                        -0.46097523314354605,
                        1.211445868487115,
                        0.0,
                        0.43282134267550276,
                        -0.992292775063233
                    ],
                    [
                        0.0,
                        0.0,
                        0.0,
                        1e-06,
                        0.0,
                        0.0
                    ],
                    [
                        0.1053867934393493,
                        -0.2931829183617911,
                        0.43282134267550276,
                        0.0,
                        1.049272053845147,
                        -0.21220401417945142
                    ],
                    [
                        0.8102584373049617,
                        -0.17150785043074507,
                        -0.992292775063233,
                        0.0,
                        -0.21220401417945142,
                        2.356634789228734
                    ]
                ]
            },
            "est_tgt": [
                3
            ]
        },
        "4": {
            "intv_type": "do",
            "inode": 4,
            "new_mui": 10.0,
            "true_params": {
                "Si": [
                    [
                        1.0,
                        -0.6189646127976347,
                        -0.06788476161415036,
                        -0.1557708166501347,
                        0.0,
                        0.6971972097594886
                    ],
                    [
                        -0.6189646127976347,
                        1.383117191895726,
                        -0.43160845527703684,
                        0.5146415395245111,
                        0.0,
                        0.03518987854364769
                    ],
                    [
                        -0.06788476161415036,
                        -0.43160845527703684,
                        1.228930611197272,
                        -1.0705344696150956,
                        0.0,
                        -1.2538240776953384
                    ],
                    [
                        -0.1557708166501347,
                        0.5146415395245111,
                        -1.0705344696150956,
                        1.9789123196353313,
                        0.0,
                        0.9567640145881778
                    ],
                    [
                        0.0,
                        0.0,
                        0.0,
                        0.0,
                        0.0,
                        0.0
                    ],
                    [
                        0.6971972097594886,
                        0.03518987854364769,
                        -1.2538240776953384,
                        0.9567640145881778,
                        0.0,
                        2.6750112828822825
                    ]
                ],
                "mui": [
                    0.5,
                    0.19051769360118265,
                    0.22924425896072526,
                    0.18971383041031553,
                    10.0,
                    0.5892442048030432
                ],
                "Ai": [
                    [
                        0.0,
                        0.0,
                        0.0,
                        0.0,
                        0.0,
                        0.0
                    ],
                    [
                        -0.6189646127976347,
                        0.0,
                        0.0,
                        0.0,
                        0.0,
                        0.0
                    ],
                    [
                        -0.36104294125701075,
                        -0.47362672046439913,
                        0.0,
                        0.0,
                        0.0,
                        0.0
                    ],
                    [
                        -0.2157148559498293,
                        0.0,
                        -0.8830264388407232,
                        0.0,
                        0.0,
                        0.0
                    ],
                    [
                        0.0,
                        0.0,
                        0.0,
                        0.0,
                        0.0,
                        0.0
                    ],
                    [
                        0.6303009127501833,
                        -0.0,
                        -0.9854390796794231,
                        0.0,
                        -0.0,
                        0.0
                    ]
                ]
            },
            "est_params": {
                "mui": [
                    0.5963846469002625,
                    0.07399777284395118,
                    0.2089188296307628,
                    0.18124441883895628,
                    10.0,
                    0.8546638950325811
                ],
                "Si": [
                    [
                        0.9764875426375247,
                        -0.6404062325869107,
                        -0.13705387308806782,
                        -0.14691882750617183,
                        1.206201282900887e-166,
                        0.7178414937865539
                    ],
                    [
                        -0.6404062325869107,
                        1.5479662687338103,
                        -0.38850320926036963,
                        0.48244867636902183,
                        -3.143031799201967e-166,
                        0.2051008496576656
                    ],
                    [
                        -0.13705387308806782,
                        -0.38850320926036963,
                        1.1158887151875125,
                        -0.9175804447540439,
                        -2.0835317436062725e-165,
                        -1.2841895233446101
                    ],
                    [
                        -0.14691882750617183,
                        0.48244867636902183,
                        -0.9175804447540439,
                        1.6705095649123936,
                        1.7583423071359721e-165,
                        0.9835076298667946
                    ],
                    [
                        1.206201282900887e-166,
                        -3.143031799201967e-166,
                        -2.083531743606273e-165,
                        1.7583423071359721e-165,
                        1e-06,
                        2.347207723385725e-165
                    ],
                    [
                        0.7178414937865539,
                        0.2051008496576656,
                        -1.2841895233446101,
                        0.9835076298667946,
                        2.347207723385725e-165,
                        2.7390086068229205
                    ]
                ]
            },
            "est_tgt": [
                4
            ]
        },
        "5": {
            "intv_type": "do",
            "inode": 5,
            "new_mui": 10.0,
            "true_params": {
                "Si": [
                    [
                        1.0,
                        -0.6189646127976347,
                        -0.06788476161415036,
                        -0.1557708166501347,
                        0.0789488232104904,
                        0.0
                    ],
                    [
                        -0.6189646127976347,
                        1.383117191895726,
                        -0.43160845527703684,
                        0.5146415395245111,
                        -0.4216883807802549,
                        0.0
                    ],
                    [
                        -0.06788476161415036,
                        -0.43160845527703684,
                        1.228930611197272,
                        -1.0705344696150956,
                        0.9583828622557188,
                        0.0
                    ],
                    [
                        -0.1557708166501347,
                        0.5146415395245111,
                        -1.0705344696150956,
                        1.9789123196353313,
                        -1.477012704335945,
                        0.0
                    ],
                    [
                        0.0789488232104904,
                        -0.4216883807802549,
                        0.9583828622557188,
                        -1.477012704335945,
                        2.1414897053981337,
                        0.0
                    ],
                    [
                        0.0,
                        0.0,
                        0.0,
                        0.0,
                        0.0,
                        0.0
                    ]
                ],
                "mui": [
                    0.5,
                    0.19051769360118265,
                    0.22924425896072526,
                    0.18971383041031553,
                    0.43979299928151305,
                    10.0
                ],
                "Ai": [
                    [
                        0.0,
                        0.0,
                        0.0,
                        0.0,
                        0.0,
                        0.0
                    ],
                    [
                        -0.6189646127976347,
                        0.0,
                        0.0,
                        0.0,
                        0.0,
                        0.0
                    ],
                    [
                        -0.36104294125701075,
                        -0.47362672046439913,
                        0.0,
                        0.0,
                        0.0,
                        0.0
                    ],
                    [
                        -0.2157148559498293,
                        0.0,
                        -0.8830264388407232,
                        0.0,
                        0.0,
                        0.0
                    ],
                    [
                        -0.0,
                        0.0,
                        0.24524627183382608,
                        -0.6137048644060386,
                        0.0,
                        0.0
                    ],
                    [
                        0.0,
                        0.0,
                        0.0,
                        0.0,
                        0.0,
                        0.0
                    ]
                ]
            },
            "est_params": {
                "mui": [
                    0.4119614624430598,
                    0.1419765903499842,
                    0.23464990243588915,
                    0.1419364724199234,
                    0.29274055408139354,
                    10.000000000000002
                ],
                "Si": [
                    [
                        0.8415701301781086,
                        -0.4844360840640104,
                        -0.0815868232826903,
                        -0.0837104020852037,
                        0.0006791676883264372,
                        4.8628411965679404e-32
                    ],
                    [
                        -0.4844360840640104,
                        1.1297428808926255,
                        -0.17402668057925505,
                        0.24436602096205354,
                        -0.18326631818073727,
                        -1.512883927821137e-31
                    ],
                    [
                        -0.0815868232826903,
                        -0.17402668057925505,
                        1.1044561313486494,
                        -0.9858108159470088,
                        0.9670591251034565,
                        4.3225255080603915e-32
                    ],
                    [
                        -0.0837104020852037,
                        0.24436602096205354,
                        -0.9858108159470088,
                        1.9923024176629476,
                        -1.6507646719426985,
                        1.080631377015098e-31
                    ],
                    [
                        0.0006791676883264372,
                        -0.18326631818073727,
                        0.9670591251034565,
                        -1.6507646719426985,
                        2.344285869571441,
                        -2.593515304836235e-31
                    ],
                    [
                        5.943472573583039e-32,
                        -1.512883927821137e-31,
                        6.483788262090588e-32,
                        1.080631377015098e-31,
                        -2.593515304836235e-31,
                        1e-06
                    ]
                ]
            },
            "est_tgt": [
                5
            ]
        },
        "obs": {
            "intv_type": "obs",
            "true_params": {
                "Si": [
                    [
                        1.0,
                        -0.6189646127976347,
                        -0.06788476161415036,
                        -0.1557708166501347,
                        0.0789488232104904,
                        0.6971972097594886
                    ],
                    [
                        -0.6189646127976347,
                        1.383117191895726,
                        -0.43160845527703684,
                        0.5146415395245111,
                        -0.4216883807802549,
                        0.03518987854364769
                    ],
                    [
                        -0.06788476161415036,
                        -0.43160845527703684,
                        1.228930611197272,
                        -1.0705344696150956,
                        0.9583828622557188,
                        -1.2538240776953384
                    ],
                    [
                        -0.1557708166501347,
                        0.5146415395245111,
                        -1.0705344696150956,
                        1.9789123196353313,
                        -1.477012704335945,
                        0.9567640145881778
                    ],
                    [
                        0.0789488232104904,
                        -0.4216883807802549,
                        0.9583828622557188,
                        -1.477012704335945,
                        2.1414897053981337,
                        -0.8946664104316819
                    ],
                    [
                        0.6971972097594886,
                        0.03518987854364769,
                        -1.2538240776953384,
                        0.9567640145881778,
                        -0.8946664104316819,
                        2.6750112828822825
                    ]
                ],
                "mui": [
                    0.5,
                    0.19051769360118265,
                    0.22924425896072526,
                    0.18971383041031553,
                    0.43979299928151305,
                    0.5892442048030432
                ],
                "Ai": [
                    [
                        0.0,
                        0.0,
                        0.0,
                        0.0,
                        0.0,
                        0.0
                    ],
                    [
                        -0.6189646127976347,
                        0.0,
                        0.0,
                        0.0,
                        0.0,
                        0.0
                    ],
                    [
                        -0.36104294125701075,
                        -0.47362672046439913,
                        0.0,
                        0.0,
                        0.0,
                        0.0
                    ],
                    [
                        -0.2157148559498293,
                        0.0,
                        -0.8830264388407232,
                        0.0,
                        0.0,
                        0.0
                    ],
                    [
                        -0.0,
                        0.0,
                        0.24524627183382608,
                        -0.6137048644060386,
                        0.0,
                        0.0
                    ],
                    [
                        0.6303009127501833,
                        -0.0,
                        -0.9854390796794231,
                        0.0,
                        -0.0,
                        0.0
                    ]
                ]
            },
            "est_params": {
                "mui": [
                    0.49042402191176493,
                    0.24869794124950656,
                    0.2655556094711571,
                    0.11268728790900598,
                    0.2769213696902798,
                    0.568624838164914
                ],
                "Si": [
                    [
                        1.1312253985357454,
                        -0.7172181550789059,
                        -0.1862160770559179,
                        -0.24931727466211762,
                        0.10670405931917572,
                        0.6411886723759526
                    ],
                    [
                        -0.7172181550789059,
                        1.6036192585146398,
                        -0.4216473564392232,
                        0.6014812656373445,
                        -0.5073633675563444,
