{
    "expt_args": {
        "save_dir": "expt_logs_29.04.24-6",
        "exp_name": "135",
        "num_nodes": 6,
        "obs_noise_mean": 0.5,
        "obs_noise_var": 1.0,
        "max_edge_strength": 1.0,
        "num_parents": 2,
        "new_noise_mean": 10.0,
        "mix_samples": 131072,
        "stage2_samples": 131072,
        "intv_targets": [
            0,
            1,
            2,
            3,
            4,
            5
        ]
    },
    "intv_args_dict": {
        "0": {
            "intv_type": "do",
            "inode": 0,
            "new_mui": 10.0,
            "true_params": {
                "Si": [
                    [
                        0.0,
                        0.0,
                        0.0,
                        0.0,
                        0.0,
                        0.0
                    ],
                    [
                        0.0,
                        1.0,
                        0.6567986557204641,
                        0.5430777156358833,
                        -0.38292064080588517,
                        -0.41922263615711564
                    ],
                    [
                        0.0,
                        0.6567986557204641,
                        1.4313844741562087,
                        0.3566927135813886,
                        -0.2515017621289241,
                        -1.1599635189029356
                    ],
                    [
                        0.0,
                        0.5430777156358833,
                        0.3566927135813886,
                        1.2949334052202892,
                        -0.9130493022482195,
                        0.07024951782118272
                    ],
                    [
                        0.0,
                        -0.38292064080588517,
                        -0.2515017621289241,
                        -0.9130493022482195,
                        1.6437852517938105,
                        -0.47205791497263244
                    ],
                    [
                        0.0,
                        -0.41922263615711564,
                        -1.1599635189029356,
                        0.07024951782118272,
                        -0.47205791497263244,
                        2.225581840097888
                    ]
                ],
                "mui": [
                    10.0,
                    -4.739356695632353,
                    -6.454979525749633,
                    3.772829439693466,
                    7.483874796569004,
                    3.0480679117454628
                ],
                "Ai": [
                    [
                        0.0,
                        0.0,
                        0.0,
                        0.0,
                        0.0,
                        0.0
                    ],
                    [
                        -0.5239356695632353,
                        0.0,
                        0.0,
                        0.0,
                        0.0,
                        0.0
                    ],
                    [
                        -0.38421764190785235,
                        0.6567986557204641,
                        0.0,
                        0.0,
                        0.0,
                        0.0
                    ],
                    [
                        0.5846668447541112,
                        0.5430777156358833,
                        0.0,
                        0.0,
                        0.0,
                        0.0
                    ],
                    [
                        0.964407282183166,
                        -0.0,
                        0.0,
                        -0.7050936353695307,
                        0.0,
                        0.0
                    ],
                    [
                        0.0,
                        0.0,
                        -0.8846186550273527,
                        0.0,
                        -0.4225254270691381,
                        0.0
                    ]
                ]
            },
            "est_params": {
                "mui": [
                    10.0,
                    -4.738025831541891,
                    -6.460434906008363,
                    3.7807684647257176,
                    7.479426154071213,
                    3.0642706287868067
                ],
                "Si": [
                    [
                        1e-06,
                        0.0,
                        0.0,
                        0.0,
                        0.0,
                        0.0
                    ],
                    [
                        0.0,
                        1.0126595790564223,
                        0.6683771176326531,
                        0.544063788635436,
                        -0.37075912594202004,
                        -0.4377709753640349
                    ],
                    [
                        0.0,
                        0.6683771176326531,
                        1.4327172351380784,
                        0.3647851071851901,
                        -0.24310640415906826,
                        -1.171223015159202
                    ],
                    [
                        0.0,
                        0.544063788635436,
                        0.3647851071851901,
                        1.2816722054404177,
                        -0.8949034027264413,
                        0.04366112133293611
                    ],
                    [
                        0.0,
                        -0.37075912594202004,
                        -0.24310640415906826,
                        -0.8949034027264413,
                        1.6330725671302775,
                        -0.46574640461604544
                    ],
                    [
                        0.0,
                        -0.4377709753640349,
                        -1.171223015159202,
                        0.04366112133293611,
                        -0.46574640461604544,
                        2.259006123783397
                    ]
                ]
            },
            "est_tgt": [
                0
            ]
        },
        "1": {
            "intv_type": "do",
            "inode": 1,
            "new_mui": 10.0,
            "true_params": {
                "Si": [
                    [
                        1.0,
                        0.0,
                        -0.38421764190785235,
                        0.5846668447541112,
                        0.5521624111354566,
                        0.10658343504577156
                    ],
                    [
                        0.0,
                        0.0,
                        0.0,
                        0.0,
                        0.0,
                        0.0
                    ],
                    [
                        -0.38421764190785235,
                        0.0,
                        1.1476231963532306,
                        -0.224639316393129,
                        -0.21215053955661922,
                        -0.9255698911070778
                    ],
                    [
                        0.5846668447541112,
                        0.0,
                        -0.224639316393129,
                        1.341835319354728,
                        -0.382262580659141,
                        0.3602357900795081
                    ],
                    [
                        0.5521624111354566,
                        0.0,
                        -0.21215053955661922,
                        -0.382262580659141,
                        1.8020403629095418,
                        -0.573735548968275
                    ],
                    [
                        0.10658343504577156,
                        0.0,
                        -0.9255698911070778,
                        0.3602357900795081,
                        -0.573735548968275,
                        2.0611942500575235
                    ]
                ],
                "mui": [
                    0.5,
                    10.0,
                    6.875877736250715,
                    6.223110578735888,
                    -3.405672020175889,
                    -4.1435466903923945
                ],
                "Ai": [
                    [
                        0.0,
                        0.0,
                        0.0,
                        0.0,
                        0.0,
                        0.0
                    ],
                    [
                        0.0,
                        0.0,
                        0.0,
                        0.0,
                        0.0,
                        0.0
                    ],
                    [
                        -0.38421764190785235,
                        0.6567986557204641,
                        0.0,
                        0.0,
                        0.0,
                        0.0
                    ],
                    [
                        0.5846668447541112,
                        0.5430777156358833,
                        0.0,
                        0.0,
                        0.0,
                        0.0
                    ],
                    [
                        0.964407282183166,
                        -0.0,
                        0.0,
                        -0.7050936353695307,
                        0.0,
                        0.0
                    ],
                    [
                        0.0,
                        0.0,
                        -0.8846186550273527,
                        0.0,
                        -0.4225254270691381,
                        0.0
                    ]
                ]
            },
            "est_params": {
                "mui": [
                    0.5033391947842873,
                    10.0,
                    6.857544371550886,
                    6.233539324719904,
                    -3.402524145633946,
                    -4.121302718632125
                ],
                "Si": [
                    [
                        1.0080147009574054,
                        0.0,
                        -0.3752746378657326,
                        0.6000566746586783,
                        0.5572933398015121,
                        0.10100402380895297
                    ],
                    [
                        0.0,
                        1e-06,
                        0.0,
                        0.0,
                        0.0,
                        0.0
                    ],
                    [
                        -0.3752746378657326,
                        0.0,
                        1.1456371706812511,
                        -0.22911307560727692,
                        -0.20328220196960806,
                        -0.9385809848723873
                    ],
                    [
                        0.6000566746586783,
                        0.0,
                        -0.22911307560727692,
                        1.3507148555453181,
                        -0.3679672391540973,
                        0.34717982441705764
                    ],
                    [
                        0.5572933398015121,
                        0.0,
                        -0.20328220196960806,
                        -0.3679672391540973,
                        1.8115198752670267,
                        -0.588401404250381
                    ],
                    [
                        0.10100402380895297,
                        0.0,
                        -0.9385809848723873,
                        0.34717982441705764,
                        -0.588401404250381,
                        2.0912454653820816
                    ]
                ]
            },
            "est_tgt": [
                1
            ]
        },
        "2": {
            "intv_type": "do",
            "inode": 2,
            "new_mui": 10.0,
            "true_params": {
                "Si": [
                    [
                        1.0,
                        -0.5239356695632353,
                        0.0,
                        0.3001290581875524,
                        0.7527881934656712,
                        -0.31807215293668767
                    ],
                    [
                        -0.5239356695632353,
                        1.2745085858406757,
                        0.0,
                        0.3858293965790047,
                        -0.77733322698862,
                        0.3284430537083979
                    ],
                    [
                        0.0,
                        0.0,
                        0.0,
                        0.0,
                        0.0,
                        0.0
                    ],
                    [
                        0.3001290581875524,
                        0.3858293965790047,
                        0.0,
                        1.3850108567888366,
                        -0.6871156907286585,
                        0.2903238506710323
                    ],
                    [
                        0.7527881934656712,
                        -0.77733322698862,
                        0.0,
                        -0.6871156907286585,
                        2.210475316015119,
                        -0.9339820269250763
                    ],
                    [
                        -0.31807215293668767,
                        0.3284430537083979,
                        0.0,
                        0.2903238506710323,
                        -0.9339820269250763,
                        1.394631154801417
                    ]
                ],
                "mui": [
                    0.5,
                    0.23803216521838233,
                    10.0,
                    0.9216033869117178,
                    0.33238695864512763,
                    -8.486628491927272
                ],
                "Ai": [
                    [
                        0.0,
                        0.0,
                        0.0,
                        0.0,
                        0.0,
                        0.0
                    ],
                    [
                        -0.5239356695632353,
                        0.0,
                        0.0,
                        0.0,
                        0.0,
                        0.0
                    ],
                    [
                        0.0,
                        0.0,
                        0.0,
                        0.0,
                        0.0,
                        0.0
                    ],
                    [
                        0.5846668447541112,
                        0.5430777156358833,
                        0.0,
                        0.0,
                        0.0,
                        0.0
                    ],
                    [
                        0.964407282183166,
                        -0.0,
                        0.0,
                        -0.7050936353695307,
                        0.0,
                        0.0
                    ],
                    [
                        0.0,
                        0.0,
                        -0.8846186550273527,
                        0.0,
                        -0.4225254270691381,
                        0.0
                    ]
                ]
            },
            "est_params": {
                "mui": [
                    0.49059425407039575,
                    0.24649861624065866,
                    9.999999999999996,
                    0.9176682701526272,
                    0.3042908564213813,
                    -8.48131993223258
                ],
                "Si": [
                    [
                        0.9976338679152177,
                        -0.5227133384819346,
                        3.953573346824677e-31,
                        0.3062592323702595,
                        0.7536451022094501,
                        -0.30082012191124313
                    ],
                    [
                        -0.5227133384819345,
                        1.2774728980999537,
                        6.2690932865250635e-31,
                        0.3875342237177949,
                        -0.7996467818112293,
                        0.33386674679720013
                    ],
                    [
                        3.946832386301532e-31,
                        6.296057128617644e-31,
                        1e-06,
                        8.483498818378272e-31,
                        7.597062509584674e-31,
                        -2.5009637636921118e-29
                    ],
                    [
                        0.30625923237025937,
                        0.3875342237177949,
                        8.463275936808836e-31,
                        1.3945344368722719,
                        -0.692237325491602,
                        0.29469398723947826
                    ],
                    [
                        0.7536451022094501,
                        -0.7996467818112293,
                        7.462243299121769e-31,
                        -0.692237325491602,
                        2.205403245983033,
                        -0.9110510327133575
                    ],
                    [
                        -0.30082012191124313,
                        0.33386674679720013,
                        -2.500694125271186e-29,
                        0.29469398723947826,
                        -0.9110510327133575,
                        1.3691840064480973
                    ]
                ]
            },
            "est_tgt": [
                2
            ]
        },
        "3": {
            "intv_type": "do",
            "inode": 3,
            "new_mui": 10.0,
            "true_params": {
                "Si": [
                    [
                        1.0,
                        -0.5239356695632353,
                        -0.7283378853609865,
                        0.0,
                        0.964407282183166,
                        0.23681468178047316
                    ],
                    [
                        -0.5239356695632353,
                        1.2745085858406757,
                        1.0384008533553435,
                        0.0,
                        -0.5052873751222972,
                        -0.7050920023082671
                    ],
                    [
                        -0.7283378853609865,
                        1.0384008533553435,
                        1.9618605494083223,
                        0.0,
                        -0.7024143605320233,
                        -1.4387105129055247
                    ],
                    [
                        0.0,
                        0.0,
                        0.0,
                        0.0,
                        0.0,
                        0.0
                    ],
                    [
                        0.964407282183166,
                        -0.5052873751222972,
                        -0.7024143605320233,
                        0.0,
                        1.9300814059279205,
                        -0.19413962343216068
                    ],
                    [
                        0.23681468178047316,
                        -0.7050920023082671,
                        -1.4387105129055247,
                        0.0,
                        -0.19413962343216068,
                        2.3547390862019135
                    ]
                ],
                "mui": [
                    0.5,
                    0.23803216521838233,
                    0.4642303851797388,
                    10.0,
                    -6.068732712603725,
                    2.653527022200807
                ],
                "Ai": [
                    [
                        0.0,
                        0.0,
                        0.0,
                        0.0,
                        0.0,
                        0.0
                    ],
                    [
                        -0.5239356695632353,
                        0.0,
                        0.0,
                        0.0,
                        0.0,
                        0.0
                    ],
                    [
                        -0.38421764190785235,
                        0.6567986557204641,
                        0.0,
                        0.0,
                        0.0,
                        0.0
                    ],
                    [
                        0.0,
                        0.0,
                        0.0,
                        0.0,
                        0.0,
                        0.0
                    ],
                    [
                        0.964407282183166,
                        -0.0,
                        0.0,
                        -0.7050936353695307,
                        0.0,
                        0.0
                    ],
                    [
                        0.0,
                        0.0,
                        -0.8846186550273527,
                        0.0,
                        -0.4225254270691381,
                        0.0
                    ]
                ]
            },
            "est_params": {
                "mui": [
                    0.5045584944424835,
                    0.24172697465979012,
                    0.4748674920174168,
                    10.0,
                    -6.05274965007239,
                    2.639533775837647
                ],
                "Si": [
                    [
                        1.0075614258255545,
                        -0.5216273071677372,
                        -0.7330013242729116,
                        7.177537192540498e-33,
                        0.9701657346439996,
                        0.24458950624498982
                    ],
                    [
                        -0.5216273071677372,
                        1.2734158219391192,
                        1.0423640269197774,
                        3.651444501650354e-32,
                        -0.5081290106867853,
                        -0.716108766457604
                    ],
                    [
                        -0.7330013242729116,
                        1.0423640269197774,
                        1.9788291553627957,
                        2.5854665549353037e-32,
                        -0.7207603465936836,
                        -1.4519941792342297
                    ],
                    [
                        7.1775371925405e-33,
                        3.651444501650354e-32,
                        2.5854665549353037e-32,
                        1e-06,
                        1.1977203414659519e-32,
                        -2.28912175998101e-32
                    ],
                    [
                        0.9701657346439996,
                        -0.5081290106867853,
                        -0.7207603465936836,
                        1.1977203414659519e-32,
                        1.9470630658658703,
                        -0.1867839717987796
                    ],
                    [
                        0.24458950624498982,
                        -0.716108766457604,
                        -1.4519941792342297,
                        -2.2891217599810098e-32,
                        -0.1867839717987796,
                        2.3832918286436695
                    ]
                ]
            },
            "est_tgt": [
                3
            ]
        },
        "4": {
            "intv_type": "do",
            "inode": 4,
            "new_mui": 10.0,
            "true_params": {
                "Si": [
                    [
                        1.0,
                        -0.5239356695632353,
                        -0.7283378853609865,
                        0.3001290581875524,
                        0.0,
                        0.6443012805535021
                    ],
                    [
                        -0.5239356695632353,
                        1.2745085858406757,
                        1.0384008533553435,
                        0.3858293965790047,
                        0.0,
                        -0.9185887662744594
                    ],
                    [
                        -0.7283378853609865,
                        1.0384008533553435,
                        1.9618605494083223,
                        0.13809735000568218,
                        0.0,
                        -1.7354984405688134
                    ],
                    [
                        0.3001290581875524,
                        0.3858293965790047,
                        0.13809735000568218,
                        1.3850108567888366,
                        0.0,
                        -0.1221634920248682
                    ],
                    [
                        0.0,
                        0.0,
                        0.0,
                        0.0,
                        0.0,
                        0.0
                    ],
                    [
                        0.6443012805535021,
                        -0.9185887662744594,
                        -1.7354984405688134,
                        -0.1221634920248682,
                        0.0,
                        2.535254296298052
                    ]
                ],
                "mui": [
                    0.5,
                    0.23803216521838233,
                    0.4642303851797388,
                    0.9216033869117178,
                    10.0,
                    -4.135921129651911
                ],
                "Ai": [
                    [
                        0.0,
                        0.0,
                        0.0,
                        0.0,
                        0.0,
                        0.0
                    ],
                    [
                        -0.5239356695632353,
                        0.0,
                        0.0,
                        0.0,
                        0.0,
                        0.0
                    ],
                    [
                        -0.38421764190785235,
                        0.6567986557204641,
                        0.0,
                        0.0,
                        0.0,
                        0.0
                    ],
                    [
                        0.5846668447541112,
                        0.5430777156358833,
                        0.0,
                        0.0,
                        0.0,
                        0.0
                    ],
                    [
                        0.0,
                        0.0,
                        0.0,
                        0.0,
                        0.0,
                        0.0
                    ],
                    [
                        0.0,
                        0.0,
                        -0.8846186550273527,
                        0.0,
                        -0.4225254270691381,
                        0.0
                    ]
                ]
            },
            "est_params": {
                "mui": [
                    0.4935649513020628,
                    0.23427442265628745,
                    0.45023870605333655,
                    0.9178161612684539,
                    9.99999999999999,
                    -4.1188991121166625
                ],
                "Si": [
                    [
                        0.9901580453571657,
                        -0.5237453956427924,
                        -0.720109142058246,
                        0.29416843771161494,
                        1.0950214862495056e-25,
                        0.6267624386634675
                    ],
                    [
                        -0.5237453956427924,
                        1.2994538228320145,
                        1.0545091579427535,
                        0.4156632018553095,
                        -5.685308376494995e-26,
                        -0.9221088028278023
                    ],
                    [
                        -0.720109142058246,
                        1.0545091579427535,
                        1.9831873698960738,
                        0.16715722333116723,
                        -1.2664975412062096e-25,
                        -1.7436364491244085
                    ],
                    [
                        0.29416843771161494,
                        0.41566320185530947,
                        0.16715722333116723,
                        1.4062801956977593,
                        3.6395818324026707e-26,
                        -0.13910641500178228
                    ],
                    [
                        1.0950214592856635e-25,
                        -5.685307567579731e-26,
                        -1.2664975412062096e-25,
                        3.6395804842105656e-26,
                        1e-06,
                        1.0788701717998903e-25
                    ],
                    [
                        0.6267624386634675,
                        -0.9221088028278023,
                        -1.7436364491244085,
                        -0.13910641500178225,
                        1.0788701717998903e-25,
                        2.528628287330539
                    ]
                ]
            },
            "est_tgt": [
                4
            ]
        },
        "5": {
            "intv_type": "do",
            "inode": 5,
            "new_mui": 10.0,
            "true_params": {
                "Si": [
                    [
                        1.0,
                        -0.5239356695632353,
                        -0.7283378853609865,
                        0.3001290581875524,
                        0.7527881934656712,
                        0.0
                    ],
                    [
                        -0.5239356695632353,
                        1.2745085858406757,
                        1.0384008533553435,
                        0.3858293965790047,
                        -0.77733322698862,
                        0.0
                    ],
                    [
                        -0.7283378853609865,
                        1.0384008533553435,
                        1.9618605494083223,
                        0.13809735000568218,
                        -0.7997859230824282,
                        0.0
                    ],
                    [
                        0.3001290581875524,
                        0.3858293965790047,
                        0.13809735000568218,
                        1.3850108567888366,
                        -0.6871156907286585,
                        0.0
                    ],
                    [
                        0.7527881934656712,
                        -0.77733322698862,
                        -0.7997859230824282,
                        -0.6871156907286585,
                        2.210475316015119,
                        0.0
                    ],
                    [
                        0.0,
                        0.0,
                        0.0,
                        0.0,
                        0.0,
                        0.0
                    ]
                ],
                "mui": [
                    0.5,
                    0.23803216521838233,
                    0.4642303851797388,
                    0.9216033869117178,
                    0.33238695864512763,
                    10.0
                ],
                "Ai": [
                    [
                        0.0,
                        0.0,
                        0.0,
                        0.0,
                        0.0,
                        0.0
                    ],
                    [
                        -0.5239356695632353,
                        0.0,
                        0.0,
                        0.0,
                        0.0,
                        0.0
                    ],
                    [
                        -0.38421764190785235,
                        0.6567986557204641,
                        0.0,
                        0.0,
                        0.0,
                        0.0
                    ],
                    [
                        0.5846668447541112,
                        0.5430777156358833,
                        0.0,
                        0.0,
                        0.0,
                        0.0
                    ],
                    [
                        0.964407282183166,
                        -0.0,
                        0.0,
                        -0.7050936353695307,
                        0.0,
                        0.0
                    ],
                    [
                        0.0,
                        0.0,
                        0.0,
                        0.0,
                        0.0,
                        0.0
                    ]
                ]
            },
            "est_params": {
                "mui": [
                    0.5031219582388331,
                    0.23589005992343257,
                    0.45931864638431064,
                    0.9132476324810955,
                    0.3416836180065251,
                    9.999999999999998
                ],
                "Si": [
                    [
                        0.9943413935366954,
                        -0.5149405121519287,
                        -0.7249490321030395,
                        0.31370294795271964,
                        0.7390985987257037,
                        -9.942916771638724e-33
                    ],
                    [
                        -0.5149405121519287,
                        1.249545894619313,
                        1.0266570973931732,
                        0.3845121267135581,
                        -0.7721080282557037,
                        -4.1204121197723185e-32
                    ],
                    [
                        -0.7249490321030395,
                        1.0266570973931732,
                        1.9579673248204088,
                        0.12432197650493128,
                        -0.77853529415707,
                        3.901330902770109e-32
                    ],
                    [
                        0.31370294795271964,
                        0.3845121267135581,
                        0.12432197650493128,
                        1.394594546018116,
                        -0.6837441454124663,
                        1.1860720040473446e-30
                    ],
                    [
                        0.7390985987257037,
                        -0.7721080282557037,
                        -0.77853529415707,
                        -0.6837441454124663,
                        2.2046207229362254,
                        -1.4960719261054705e-31
                    ],
                    [
                        -9.942916771638724e-33,
                        -4.2552313302352164e-32,
                        3.699102087075762e-32,
                        1.1847238119427157e-30,
                        -1.4825900050591808e-31,
                        1e-06
                    ]
                ]
            },
            "est_tgt": [
                5
            ]
        },
        "obs": {
            "intv_type": "obs",
            "true_params": {
                "Si": [
                    [
                        1.0,
                        -0.5239356695632353,
                        -0.7283378853609865,
                        0.3001290581875524,
                        0.7527881934656712,
                        0.32622912761681444
                    ],
                    [
                        -0.5239356695632353,
                        1.2745085858406757,
                        1.0384008533553435,
                        0.3858293965790047,
                        -0.77733322698862,
                        -0.5901457125660614
                    ],
                    [
                        -0.7283378853609865,
                        1.0384008533553435,
                        1.9618605494083223,
                        0.13809735000568218,
                        -0.7997859230824282,
                        -1.3975685518545256
                    ],
                    [
                        0.3001290581875524,
                        0.3858293965790047,
                        0.13809735000568218,
                        1.3850108567888366,
                        -0.6871156907286585,
                        0.16816035864616408
                    ],
                    [
                        0.7527881934656712,
                        -0.77733322698862,
                        -0.7997859230824282,
                        -0.6871156907286585,
                        2.210475316015119,
                        -0.22647647933808882
                    ],
                    [
                        0.32622912761681444,
                        -0.5901457125660614,
                        -1.3975685518545256,
                        0.16816035864616408,
                        -0.22647647933808882,
                        2.3320072838035166
                    ]
                ],
                "mui": [
                    0.5,
                    0.23803216521838233,
                    0.4642303851797388,
                    0.9216033869117178,
                    0.33238695864512763,
                    -0.05110880061427492
                ],
                "Ai": [
                    [
                        0.0,
                        0.0,
                        0.0,
                        0.0,
                        0.0,
                        0.0
                    ],
                    [
                        -0.5239356695632353,
                        0.0,
                        0.0,
                        0.0,
                        0.0,
                        0.0
                    ],
                    [
                        -0.38421764190785235,
                        0.6567986557204641,
                        0.0,
                        0.0,
                        0.0,
                        0.0
                    ],
                    [
                        0.5846668447541112,
                        0.5430777156358833,
                        0.0,
                        0.0,
                        0.0,
                        0.0
                    ],
                    [
                        0.964407282183166,
                        -0.0,
                        0.0,
                        -0.7050936353695307,
                        0.0,
                        0.0
                    ],
                    [
                        0.0,
                        0.0,
                        -0.8846186550273527,
                        0.0,
                        -0.4225254270691381,
                        0.0
                    ]
                ]
            },
            "est_params": {
                "mui": [
                    0.49785729898427067,
                    0.22968081855096129,
                    0.455268868766201,
                    0.9239449347374419,
                    0.33116902410879134,
                    -0.05942546799296655
                ],
                "Si": [
                    [
                        0.9947865121582318,
                        -0.5276114320381738,
                        -0.7339960818032715,
                        0.2924894666136883,
                        0.7534463617890702,
                        0.3252680061299105
                    ],
                    [
                        -0.5276114320381738,
