{
    "expt_args": {
        "save_dir": "expt_logs_29.04.24-6",
        "exp_name": "212",
        "num_nodes": 8,
        "obs_noise_mean": 0.5,
        "obs_noise_var": 1.0,
        "max_edge_strength": 1.0,
        "num_parents": 2,
        "new_noise_mean": 10.0,
        "mix_samples": 16384,
        "stage2_samples": 16384,
        "intv_targets": [
            0,
            1,
            2,
            3,
            4,
            5,
            6,
            7
        ]
    },
    "intv_args_dict": {
        "0": {
            "intv_type": "do",
            "inode": 0,
            "new_mui": 10.0,
            "true_params": {
                "Si": [
                    [
                        0.0,
                        0.0,
                        0.0,
                        0.0,
                        0.0,
                        0.0,
                        0.0,
                        0.0
                    ],
                    [
                        0.0,
                        1.0,
                        0.5699649906077827,
                        0.18902991144000747,
                        -0.5317078039186832,
                        -0.6788230645358876,
                        1.6347745603504356,
                        -0.8711019723093911
                    ],
                    [
                        0.0,
                        0.5699649906077827,
                        1.3248600905185297,
                        0.43939222532609057,
                        -0.22268456552349433,
                        -0.3520384516862243,
                        0.8989526884021759,
                        -0.4582046340852023
                    ],
                    [
                        0.0,
                        0.18902991144000747,
                        0.43939222532609057,
                        1.145725219635419,
                        0.16847954737212045,
                        -0.01162304763872396,
                        0.19920545245867613,
                        -0.036502949618102284
                    ],
                    [
                        0.0,
                        -0.5317078039186832,
                        -0.22268456552349433,
                        0.16847954737212045,
                        1.3478979887383198,
                        0.8230432719277612,
                        -1.3040896079870636,
                        0.970686691302557
                    ],
                    [
                        0.0,
                        -0.6788230645358876,
                        -0.3520384516862243,
                        -0.01162304763872396,
                        0.8230432719277612,
                        1.661276363908122,
                        -2.239432114493802,
                        1.2215633996697388
                    ],
                    [
                        0.0,
                        1.6347745603504356,
                        0.8989526884021759,
                        0.19920545245867613,
                        -1.3040896079870636,
                        -2.239432114493802,
                        4.735602683473665,
                        -2.452894606835768
                    ],
                    [
                        0.0,
                        -0.8711019723093911,
                        -0.4582046340852023,
                        -0.036502949618102284,
                        0.970686691302557,
                        1.2215633996697388,
                        -2.452894606835768,
                        2.3586603468309613
                    ]
                ],
                "mui": [
                    10.0,
                    -4.788492147047873,
                    6.10403588796534,
                    -5.418431216033728,
                    1.9523648114017678,
                    3.49296880597514,
                    -7.556244170904143,
                    4.375542279346499
                ],
                "Ai": [
                    [
                        0.0,
                        0.0,
                        0.0,
                        0.0,
                        0.0,
                        0.0,
                        0.0,
                        0.0
                    ],
                    [
                        -0.5288492147047873,
                        0.0,
                        0.0,
                        0.0,
                        0.0,
                        0.0,
                        0.0,
                        0.0
                    ],
                    [
                        0.8333308769582921,
                        0.5699649906077827,
                        0.0,
                        0.0,
                        0.0,
                        0.0,
                        0.0,
                        0.0
                    ],
                    [
                        -0.7942845666644652,
                        -0.0,
                        0.3316517936275967,
                        0.0,
                        0.0,
                        0.0,
                        0.0,
                        0.0
                    ],
                    [
                        0.0,
                        -0.5775160429320187,
                        0.0,
                        0.24233328294116943,
                        0.0,
                        0.0,
                        0.0,
                        0.0
                    ],
                    [
                        -0.0,
                        -0.4481529521963693,
                        0.0,
                        -0.0,
                        0.4338287131380826,
                        0.0,
                        0.0,
                        0.0
                    ],
                    [
                        0.0,
                        0.9959670614960328,
                        0.0,
                        -0.0,
                        -0.0,
                        -0.9410515526474583,
                        0.0,
                        0.0
                    ],
                    [
                        0.0,
                        -0.0,
                        -0.0,
                        0.0,
                        0.29855935668164424,
                        0.0,
                        -0.4357516012948699,
                        0.0
                    ]
                ]
            },
            "est_params": {
                "mui": [
                    10.0,
                    -4.765976920331928,
                    6.092884797918463,
                    -5.406212128322087,
                    1.9436464163727396,
                    3.4827434590288577,
                    -7.520443838849213,
                    4.38864270033596
                ],
                "Si": [
                    [
                        1e-06,
                        0.0,
                        0.0,
                        0.0,
                        0.0,
                        0.0,
                        0.0,
                        0.0
                    ],
                    [
                        0.0,
                        1.04242824062904,
                        0.6083770472560744,
                        0.1929246717532648,
                        -0.559881958158934,
                        -0.7178236975931768,
                        1.7035253777724093,
                        -0.9497832473215347
                    ],
                    [
                        0.0,
                        0.6083770472560744,
                        1.3741406118760877,
                        0.41588185839726055,
                        -0.2684405888151921,
                        -0.40333664858084334,
                        0.9814842090328033,
                        -0.520132257088802
                    ],
                    [
                        0.0,
                        0.1929246717532648,
                        0.41588185839726055,
                        1.184528833268182,
                        0.17865814872410013,
                        -0.03422099413710316,
                        0.25171583188912944,
                        -0.05216142724476804
                    ],
                    [
                        0.0,
                        -0.559881958158934,
                        -0.2684405888151921,
                        0.17865814872410013,
                        1.379891601953097,
                        0.8261436908193057,
                        -1.2941636666168703,
                        0.9836011961084365
                    ],
                    [
                        0.0,
                        -0.7178236975931768,
                        -0.40333664858084334,
                        -0.03422099413710316,
                        0.8261436908193057,
                        1.7006273161351355,
                        -2.2593738335392954,
                        1.2091752712887767
                    ],
                    [
                        0.0,
                        1.7035253777724093,
                        0.9814842090328033,
                        0.25171583188912944,
                        -1.2941636666168703,
                        -2.2593738335392954,
                        4.8077712708275415,
                        -2.481257934869647
                    ],
                    [
                        0.0,
                        -0.9497832473215347,
                        -0.520132257088802,
                        -0.05216142724476804,
                        0.9836011961084365,
                        1.2091752712887767,
                        -2.481257934869647,
                        2.3613963483485474
                    ]
                ]
            },
            "est_tgt": [
                0,
                1,
                2,
                3,
                4
            ]
        },
        "1": {
            "intv_type": "do",
            "inode": 1,
            "new_mui": 10.0,
            "true_params": {
                "Si": [
                    [
                        1.0,
                        0.0,
                        0.8333308769582921,
                        -0.5179088866359896,
                        -0.1255065607629053,
                        -0.05444834974615778,
                        0.05123870406771362,
                        -0.05979850538647888
                    ],
                    [
                        0.0,
                        0.0,
                        0.0,
                        0.0,
                        0.0,
                        0.0,
                        0.0,
                        0.0
                    ],
                    [
                        0.8333308769582921,
                        0.0,
                        1.6944403504920762,
                        -0.09993767305726514,
                        -0.024218224401468327,
                        -0.010506561126578315,
                        0.00988721566115195,
                        -0.011538947553968767
                    ],
                    [
                        -0.5179088866359896,
                        0.0,
                        -0.09993767305726514,
                        1.3782225270729322,
                        0.33398918960905843,
                        0.1448941003301289,
                        -0.1363528180851244,
                        0.15913155640996524
                    ],
                    [
                        -0.1255065607629053,
                        0.0,
                        -0.024218224401468327,
                        0.33398918960905843,
                        1.080936696784824,
                        0.4689413761498899,
                        -0.44129801012648967,
                        0.5150200793665162
                    ],
                    [
                        -0.05444834974615778,
                        0.0,
                        -0.010506561126578315,
                        0.1448941003301289,
                        0.4689413761498899,
                        1.2034402337523082,
                        -1.13249930049103,
                        0.6334952192390024
                    ],
                    [
                        0.05123870406771362,
                        0.0,
                        0.00988721566115195,
                        -0.1363528180851244,
                        -0.44129801012648967,
                        -1.13249930049103,
                        2.065740225099244,
                        -1.0319032609544752
                    ],
                    [
                        -0.05979850538647888,
                        0.0,
                        -0.011538947553968767,
                        0.15913155640996524,
                        0.5150200793665162,
                        0.6334952192390024,
                        -1.0319032609544752,
                        1.6034175619161068
                    ]
                ],
                "mui": [
                    0.5,
                    10.0,
                    6.616315344556973,
                    2.2971705678958787,
                    -4.718479544126149,
                    -6.028541430560306,
                    16.132838888388637,
                    -7.938656596257299
                ],
                "Ai": [
                    [
                        0.0,
                        0.0,
                        0.0,
                        0.0,
                        0.0,
                        0.0,
                        0.0,
                        0.0
                    ],
                    [
                        0.0,
                        0.0,
                        0.0,
                        0.0,
                        0.0,
                        0.0,
                        0.0,
                        0.0
                    ],
                    [
                        0.8333308769582921,
                        0.5699649906077827,
                        0.0,
                        0.0,
                        0.0,
                        0.0,
                        0.0,
                        0.0
                    ],
                    [
                        -0.7942845666644652,
                        -0.0,
                        0.3316517936275967,
                        0.0,
                        0.0,
                        0.0,
                        0.0,
                        0.0
                    ],
                    [
                        0.0,
                        -0.5775160429320187,
                        0.0,
                        0.24233328294116943,
                        0.0,
                        0.0,
                        0.0,
                        0.0
                    ],
                    [
                        -0.0,
                        -0.4481529521963693,
                        0.0,
                        -0.0,
                        0.4338287131380826,
                        0.0,
                        0.0,
                        0.0
                    ],
                    [
                        0.0,
                        0.9959670614960328,
                        0.0,
                        -0.0,
                        -0.0,
                        -0.9410515526474583,
                        0.0,
                        0.0
                    ],
                    [
                        0.0,
                        -0.0,
                        -0.0,
                        0.0,
                        0.29855935668164424,
                        0.0,
                        -0.4357516012948699,
                        0.0
                    ]
                ]
            },
            "est_params": {
                "mui": [
                    0.4895808943343561,
                    10.0,
                    6.589251709113846,
                    2.279034333360495,
                    -4.7029127655173495,
                    -6.0269498664582635,
                    16.10377378135542,
                    -7.89895204173537
                ],
                "Si": [
                    [
                        0.9929943935433254,
                        0.0,
                        0.8149626755990491,
                        -0.5160339975362316,
                        -0.11682963383062998,
                        -0.02299216646451469,
                        0.020627735836577753,
                        -0.08423598689867695
                    ],
                    [
                        0.0,
                        1e-06,
                        0.0,
                        0.0,
                        0.0,
                        0.0,
                        0.0,
                        0.0
                    ],
                    [
                        0.8149626755990491,
                        0.0,
                        1.6634008109884397,
                        -0.11720026325755106,
                        -0.025196441501857524,
                        0.014514474748257048,
                        -0.0257486869898385,
                        -0.009206556043193415
                    ],
                    [
                        -0.5160339975362316,
                        0.0,
                        -0.11720026325755106,
                        1.4084843791082935,
                        0.35259165206486515,
                        0.15360610709825956,
                        -0.17229001069766145,
                        0.17569271099770306
                    ],
                    [
                        -0.11682963383062998,
                        0.0,
                        -0.025196441501857524,
                        0.35259165206486515,
                        1.0654236823789,
                        0.4693081535446766,
                        -0.37791193065263556,
                        0.4862268150687617
                    ],
                    [
                        -0.02299216646451469,
                        0.0,
                        0.014514474748257048,
                        0.15360610709825956,
                        0.4693081535446766,
                        1.2042221432230387,
                        -1.1033257690214266,
                        0.6559208460769204
                    ],
                    [
                        0.020627735836577753,
                        0.0,
                        -0.0257486869898385,
                        -0.17229001069766145,
                        -0.37791193065263556,
                        -1.1033257690214266,
                        1.981757185941421,
                        -0.9991782798960243
                    ],
                    [
                        -0.08423598689867695,
                        0.0,
                        -0.009206556043193415,
                        0.17569271099770306,
                        0.4862268150687617,
                        0.6559208460769204,
                        -0.9991782798960243,
                        1.6112261252616324
                    ]
                ]
            },
            "est_tgt": [
                0,
                1,
                2,
                3,
                4
            ]
        },
        "2": {
            "intv_type": "do",
            "inode": 2,
            "new_mui": 10.0,
            "true_params": {
                "Si": [
                    [
                        1.0,
                        -0.5288492147047873,
                        0.0,
                        -0.7942845666644652,
                        0.11293731915471031,
                        0.2860007886708349,
                        -0.7958578845810983,
                        0.3805148409615412
                    ],
                    [
                        -0.5288492147047873,
                        1.2796814918938701,
                        0.0,
                        0.4200567693326347,
                        -0.6372428554778512,
                        -0.8499472864116856,
                        2.0743648286786076,
                        -1.0941626127479032
                    ],
                    [
                        0.0,
                        0.0,
                        0.0,
                        0.0,
                        0.0,
                        0.0,
                        0.0,
                        0.0
                    ],
                    [
                        -0.7942845666644652,
                        0.4200567693326347,
                        0.0,
                        1.6308879728413572,
                        0.15262891333612394,
                        -0.122034876206215,
                        0.53320381594474,
                        -0.186775626437804
                    ],
                    [
                        0.11293731915471031,
                        -0.6372428554778512,
                        0.0,
                        0.15262891333612394,
                        1.405005037922755,
                        0.8951137945029951,
                        -1.477021120342818,
                        1.0630917185924127
                    ],
                    [
                        0.2860007886708349,
                        -0.8499472864116856,
                        0.0,
                        -0.122034876206215,
                        0.8951137945029951,
                        1.7692324511980706,
                        -2.511458446468186,
                        1.3616166382777182
                    ],
                    [
                        -0.7958578845810983,
                        2.0743648286786076,
                        0.0,
                        0.53320381594474,
                        -1.477021120342818,
                        -2.511458446468186,
                        5.429410913348215,
                        -2.8068529750740803
                    ],
                    [
                        0.3805148409615412,
                        -1.0941626127479032,
                        0.0,
                        -0.186775626437804,
                        1.0630917185924127,
                        1.3616166382777182,
                        -2.8068529750740803,
                        2.540486658084334
                    ]
                ],
                "mui": [
                    0.5,
                    0.23557539264760635,
                    10.0,
                    3.4193756529437347,
                    1.1925799590129578,
                    0.9118016212530151,
                    -0.123426999810609,
                    0.9098394181648248
                ],
                "Ai": [
                    [
                        0.0,
                        0.0,
                        0.0,
                        0.0,
                        0.0,
                        0.0,
                        0.0,
                        0.0
                    ],
                    [
                        -0.5288492147047873,
                        0.0,
                        0.0,
                        0.0,
                        0.0,
                        0.0,
                        0.0,
                        0.0
                    ],
                    [
                        0.0,
                        0.0,
                        0.0,
                        0.0,
                        0.0,
                        0.0,
                        0.0,
                        0.0
                    ],
                    [
                        -0.7942845666644652,
                        -0.0,
                        0.3316517936275967,
                        0.0,
                        0.0,
                        0.0,
                        0.0,
                        0.0
                    ],
                    [
                        0.0,
                        -0.5775160429320187,
                        0.0,
                        0.24233328294116943,
                        0.0,
                        0.0,
                        0.0,
                        0.0
                    ],
                    [
                        -0.0,
                        -0.4481529521963693,
                        0.0,
                        -0.0,
                        0.4338287131380826,
                        0.0,
                        0.0,
                        0.0
                    ],
                    [
                        0.0,
                        0.9959670614960328,
                        0.0,
                        -0.0,
                        -0.0,
                        -0.9410515526474583,
                        0.0,
                        0.0
                    ],
                    [
                        0.0,
                        -0.0,
                        -0.0,
                        0.0,
                        0.29855935668164424,
                        0.0,
                        -0.4357516012948699,
                        0.0
                    ]
                ]
            },
            "est_params": {
                "mui": [
                    0.48941534156670974,
                    0.300277481143089,
                    9.999999999999996,
                    3.4496828770763632,
                    1.1655941744974994,
                    0.8724058745844636,
                    -0.006828288431936906,
                    0.859537437408019
                ],
                "Si": [
                    [
                        1.0765060676729878,
                        -0.5398833914406079,
                        1.8897986520679401e-31,
                        -0.789453169485707,
                        0.12527017648085403,
                        0.3014862032685885,
                        -0.8454858070602022,
                        0.4447805065453125
                    ],
                    [
                        -0.5398833914406079,
                        1.2970898637415507,
                        8.495425133149456e-32,
                        0.4486080468963444,
                        -0.6494147135321503,
                        -0.8674515191697074,
                        2.1086603996923654,
                        -1.1339847912780605
                    ],
                    [
                        1.7510978335675408e-31,
                        7.108416948145463e-32,
                        1e-06,
                        3.9078955612487496e-30,
                        1.738961511948756e-30,
                        7.52451940364666e-31,
                        3.6885748919949933e-31,
                        1.0645287819905644e-30
                    ],
                    [
                        -0.789453169485707,
                        0.4486080468963444,
                        3.928700684023809e-30,
                        1.5455510558706869,
                        0.09173329060408945,
                        -0.17914248509771485,
                        0.6284195914452032,
                        -0.2817070007580121
                    ],
                    [
                        0.12527017648085403,
                        -0.6494147135321503,
                        1.735493991486246e-30,
                        0.09173329060408945,
                        1.421174188093814,
                        0.935460976540912,
                        -1.5277799587981553,
                        1.1021356190137428
                    ],
                    [
                        0.3014862032685885,
                        -0.8674515191697074,
                        7.351143380521161e-31,
                        -0.17914248509771485,
                        0.935460976540912,
                        1.7900703996396632,
                        -2.555743046743011,
                        1.3958227551625868
                    ],
                    [
                        -0.8454858070602022,
                        2.1086603996923654,
                        3.6885748919949933e-31,
                        0.6284195914452032,
                        -1.5277799587981553,
                        -2.555743046743011,
                        5.5167961864676505,
                        -2.8845503217183874
                    ],
                    [
                        0.44478050654531237,
                        -1.1339847912780605,
                        1.0506587001405245e-30,
                        -0.2817070007580121,
                        1.1021356190137428,
                        1.3958227551625868,
                        -2.8845503217183874,
                        2.6347201125480497
                    ]
                ]
            },
            "est_tgt": [
                0,
                1,
                2,
                3,
                4
            ]
        },
        "3": {
            "intv_type": "do",
            "inode": 3,
            "new_mui": 10.0,
            "true_params": {
                "Si": [
                    [
                        1.0,
                        -0.5288492147047873,
                        0.5319053392661448,
                        0.0,
                        0.3054189057840143,
                        0.36950482770100224,
                        -0.8744394901627712,
                        0.47222408010318423
                    ],
                    [
                        -0.5288492147047873,
                        1.2796814918938701,
                        0.2886672696395986,
                        0.0,
                        -0.7390365914118902,
                        -0.8941083318774675,
                        2.115922649080717,
                        -1.1426629718491346
                    ],
                    [
                        0.5319053392661448,
                        0.2886672696395986,
                        1.6077833804583626,
                        0.0,
                        -0.16670997928625106,
                        -0.2016906648724822,
                        0.47730440562578147,
                        -0.25775898322464375
                    ],
                    [
                        0.0,
                        0.0,
                        0.0,
                        0.0,
                        0.0,
                        0.0,
                        0.0,
                        0.0
                    ],
                    [
                        0.3054189057840143,
                        -0.7390365914118902,
                        -0.16670997928625106,
                        0.0,
                        1.4268054878541618,
                        0.9501906189165058,
                        -1.6302344595289715,
                        1.1363634047894042
                    ],
                    [
                        0.36950482770100224,
                        -0.8941083318774675,
                        -0.2016906648724822,
                        0.0,
                        0.9501906189165058,
                        1.8129172619546843,
                        -2.5965510521429556,
                        1.4151395787238175
                    ],
                    [
                        -0.8744394901627712,
                        2.115922649080717,
                        0.47730440562578147,
                        0.0,
                        -1.6302344595289715,
                        -2.5965510521429556,
                        5.550877662305343,
                        -2.9055255814186944
                    ],
                    [
                        0.47222408010318423,
                        -1.1426629718491346,
                        -0.25775898322464375,
                        0.0,
                        1.1363634047894042,
                        1.4151395787238175,
                        -2.9055255814186944,
                        2.6053593517968916
                    ]
                ],
                "mui": [
                    0.5,
                    0.23557539264760635,
                    1.0509351649369638,
                    10.0,
                    2.787284260837692,
                    1.603630136349404,
                    -0.7744732981078513,
                    1.6696477756151888
                ],
                "Ai": [
                    [
                        0.0,
                        0.0,
                        0.0,
                        0.0,
                        0.0,
                        0.0,
                        0.0,
                        0.0
                    ],
                    [
                        -0.5288492147047873,
                        0.0,
                        0.0,
                        0.0,
                        0.0,
                        0.0,
                        0.0,
                        0.0
                    ],
                    [
                        0.8333308769582921,
                        0.5699649906077827,
                        0.0,
                        0.0,
                        0.0,
                        0.0,
                        0.0,
                        0.0
                    ],
                    [
                        0.0,
                        0.0,
                        0.0,
                        0.0,
                        0.0,
                        0.0,
                        0.0,
                        0.0
                    ],
                    [
                        0.0,
                        -0.5775160429320187,
                        0.0,
                        0.24233328294116943,
                        0.0,
                        0.0,
                        0.0,
                        0.0
                    ],
                    [
                        -0.0,
                        -0.4481529521963693,
                        0.0,
                        -0.0,
                        0.4338287131380826,
                        0.0,
                        0.0,
                        0.0
                    ],
                    [
                        0.0,
                        0.9959670614960328,
                        0.0,
                        -0.0,
                        -0.0,
                        -0.9410515526474583,
                        0.0,
                        0.0
                    ],
                    [
                        0.0,
                        -0.0,
                        -0.0,
                        0.0,
                        0.29855935668164424,
                        0.0,
                        -0.4357516012948699,
                        0.0
                    ]
                ]
            },
            "est_params": {
                "mui": [
                    0.5009051783216847,
                    0.22731170335450218,
                    1.0843704589281762,
                    10.0,
                    2.7941980054801148,
                    1.5858295434351384,
                    -0.7796408469586543,
                    1.6664718885423602
                ],
                "Si": [
                    [
                        1.0599280526474306,
                        -0.5394460864558692,
                        0.5748993474345593,
                        0.0,
                        0.32426662636785814,
                        0.3934056368742217,
                        -0.9109324480301125,
                        0.4668959302045975
                    ],
                    [
                        -0.5394460864558692,
                        1.2461575144352677,
                        0.2531183065883004,
                        0.0,
                        -0.7125319008899649,
                        -0.8484754606265521,
                        2.0649735931812048,
                        -1.0879944484894282
                    ],
                    [
                        0.5748993474345593,
                        0.2531183065883004,
                        1.6264994530685264,
                        0.0,
                        -0.17870386476407735,
                        -0.15286609417735975,
                        0.38412680591590936,
                        -0.2325052779142322
                    ],
                    [
                        0.0,
                        0.0,
                        0.0,
                        1e-06,
                        0.0,
                        0.0,
                        0.0,
                        0.0
                    ],
                    [
                        0.32426662636785814,
                        -0.7125319008899649,
                        -0.17870386476407735,
                        0.0,
                        1.40890808020081,
                        0.9045189350439758,
                        -1.5517238215942804,
                        1.0679317384999911
                    ],
                    [
                        0.3934056368742217,
                        -0.8484754606265521,
                        -0.15286609417735975,
                        0.0,
                        0.9045189350439758,
                        1.7401698405182868,
                        -2.4905743106055023,
                        1.3330282105212206
                    ],
                    [
                        -0.9109324480301125,
                        2.0649735931812048,
                        0.38412680591590936,
                        0.0,
                        -1.5517238215942804,
                        -2.4905743106055023,
                        5.415603042085907,
                        -2.7772707713684763
                    ],
                    [
                        0.4668959302045975,
                        -1.0879944484894282,
                        -0.2325052779142322,
                        0.0,
                        1.0679317384999911,
                        1.3330282105212206,
                        -2.7772707713684763,
                        2.544158829342382
                    ]
                ]
            },
            "est_tgt": [
                0,
                1,
                3,
                4
            ]
        },
        "4": {
            "intv_type": "do",
            "inode": 4,
            "new_mui": 10.0,
            "true_params": {
                "Si": [
                    [
                        1.0,
                        -0.5288492147047873,
                        0.5319053392661448,
                        -0.617877206856753,
                        0.0,
                        0.23700533683668198,
                        -0.749750638559905,
                        0.3267050413243298
                    ],
                    [
                        -0.5288492147047873,
                        1.2796814918938701,
                        0.2886672696395986,
                        0.5157937870701887,
                        0.0,
                        -0.5734930384632921,
                        1.8142071294107869,
                        -0.7905436617213195
                    ],
                    [
                        0.5319053392661448,
                        0.2886672696395986,
                        1.6077833804583626,
                        0.11074003998813148,
                        0.0,
                        -0.12936708909145148,
                        0.4092441923440264,
                        -0.17832881213453522
                    ],
                    [
