{
    "expt_args": {
        "save_dir": "all_expt_logs/expt_logs_sim_compsel_backward_cameraready_largenodes",
        "exp_name": "121",
        "num_nodes": 20,
        "num_tgt_prior": 21,
        "obs_noise_mean": 0.0,
        "obs_noise_var": 1.0,
        "obs_noise_gamma_shape": null,
        "noise_type": "gaussian",
        "max_edge_strength": 1.0,
        "graph_sparsity_method": "adj_dense_prop",
        "adj_dense_prop": 0.8,
        "num_parents": null,
        "new_noise_mean": 1.0,
        "mix_samples": 1024,
        "stage2_samples": 1024,
        "gmm_tol": 0.001,
        "intv_type": "do",
        "new_noise_var": null,
        "dtype": "simulation",
        "cutoff_drop_ratio": 0.07,
        "intv_targets": [
            0,
            1,
            2,
            3,
            4,
            5,
            6,
            7,
            8,
            9,
            10,
            11,
            12,
            13,
            14,
            15,
            16,
            17,
            18,
            19
        ]
    },
    "intv_args_dict": {
        "0": {
            "intv_type": "do",
            "inode": 0,
            "new_mui": 1.0,
            "new_vari": null,
            "noise_type": "gaussian",
            "obs_noise_gamma_shape": null,
            "true_params": {
                "Si": [
                    [
                        1e-09,
                        -6.686653037090864e-10,
                        3.553320295192201e-10,
                        3.3238017795390824e-10,
                        1.7586044984600266e-09,
                        1.0910775496053306e-09,
                        3.916725355800003e-09,
                        -1.476647992178116e-09,
                        2.9090436293759503e-10,
                        -6.040590641675396e-09,
                        2.516638816210968e-09,
                        2.2747332200334577e-09,
                        -6.900790573897056e-10,
                        4.5340538774201225e-09,
                        -5.798172644814493e-09,
                        2.8722236787576187e-09,
                        -8.878718073994164e-10,
                        8.908180409057458e-09,
                        -5.9429730716052664e-09,
                        5.219369203862384e-09
                    ],
                    [
                        -6.686653037090864e-10,
                        1.0000000004471132,
                        0.7502974790275703,
                        -1.2927813089206446,
                        -0.7880314876545087,
                        -2.2648234102483067,
                        -1.8287940207373612,
                        2.4739647435211305,
                        -1.0444020009232433,
                        6.338865667179981,
                        -5.968331855116817,
                        -1.9061613649641804,
                        -0.575342589556053,
                        -3.5488953674390817,
                        8.830416393709037,
                        6.871336617417473,
                        -6.331841627994276,
                        -14.518516397325557,
                        11.840438711627648,
                        -15.970754905869471
                    ],
                    [
                        3.553320295192201e-10,
                        0.7502974790275703,
                        1.5629463075179268,
                        -1.5907864879574494,
                        -0.031408484869101194,
                        -3.0217856727483903,
                        -0.7430206148125653,
                        2.5323067415545206,
                        -0.20668259193499028,
                        5.229605288602667,
                        -6.54715498798807,
                        -2.1388010877791626,
                        -2.820264851330674,
                        -5.508296282239692,
                        4.390537903732206,
                        8.697229085447198,
                        -3.8206106297415574,
                        -12.550296742549612,
                        8.005407286316553,
                        -12.654881301808928
                    ],
                    [
                        3.3238017795390824e-10,
                        -1.2927813089206446,
                        -1.5907864879574494,
                        3.056695932312021,
                        1.2291914535173731,
                        4.28715492365278,
                        2.1853149375260617,
                        -4.743423239407136,
                        2.6703549338681,
                        -11.582629658624594,
                        12.342775747052904,
                        2.9094359156054983,
                        0.9023149685361784,
                        3.972475628518338,
                        -19.112098282304906,
                        -16.223354657168212,
                        16.16841546629536,
                        28.715579688686795,
                        -25.598195914254667,
                        33.260923622811084
                    ],
                    [
                        1.7586044984600266e-09,
                        -0.7880314876545087,
                        -0.031408484869101194,
                        1.2291914535173731,
                        2.2457920470056987,
                        1.3446757216589127,
                        2.7894350702729853,
                        -2.1990232351255417,
                        2.2092603707520366,
                        -7.0035509402997835,
                        5.947183111713036,
                        2.315520646041335,
                        -0.17471553117200322,
                        1.48129305025854,
                        -10.53153661410579,
                        -3.041479240743585,
                        6.288974846016266,
                        12.765403944557937,
                        -10.670161882479771,
                        12.807296262324424
                    ],
                    [
                        1.0910775496053306e-09,
                        -2.2648234102483067,
                        -3.0217856727483903,
                        4.28715492365278,
                        1.3446757216589127,
                        8.168084280115753,
                        4.184031742622952,
                        -7.6688131643522865,
                        1.773704578781972,
                        -17.817342545193032,
                        19.186801891435582,
                        6.539828930634164,
                        5.417388097519517,
                        13.951122739679873,
                        -19.28964761050208,
                        -22.365513187532834,
                        13.84141277478313,
                        41.54163390931063,
                        -30.99208543003676,
                        40.86331823786054
                    ],
                    [
                        3.916725355800003e-09,
                        -1.8287940207373612,
                        -0.7430206148125653,
                        2.1853149375260617,
                        2.7894350702729853,
                        4.184031742622952,
                        6.133862383162213,
                        -4.767422950628336,
                        1.6829298219526578,
                        -13.454102397697717,
                        11.00104536980731,
                        5.011599218751403,
                        1.9240695692948686,
                        8.962625928148414,
                        -14.231043213731684,
                        -6.62506598639688,
                        5.360227713865161,
                        27.01369992749935,
                        -20.30367652545258,
                        22.91284702736546
                    ],
                    [
                        -1.476647992178116e-09,
                        2.4739647435211305,
                        2.5323067415545206,
                        -4.743423239407136,
                        -2.1990232351255417,
                        -7.6688131643522865,
                        -4.767422950628336,
                        9.164354297325225,
                        -4.514860530307475,
                        21.379573402217968,
                        -22.183012949897705,
                        -5.554715786419722,
                        -1.4770385001022242,
                        -8.754857544739922,
                        34.2587000317285,
                        28.323085473329197,
                        -27.825724056319746,
                        -53.60366530316534,
                        47.05395559446676,
                        -61.033717202735104
                    ],
                    [
                        2.9090436293759503e-10,
                        -1.0444020009232433,
                        -0.20668259193499028,
                        2.6703549338681,
                        2.2092603707520366,
                        1.773704578781972,
                        1.6829298219526578,
                        -4.514860530307475,
                        6.758966575276996,
                        -12.486545869747967,
                        11.982671746940417,
                        0.17983071388150962,
                        -6.21317335951889,
                        -6.9563599323319965,
                        -36.37662621429078,
                        -19.021540247610726,
                        33.12405487001833,
                        34.62768549395939,
                        -39.61707729758927,
                        51.66799409200694
                    ],
                    [
                        -6.040590641675396e-09,
                        6.338865667179981,
                        5.229605288602667,
                        -11.582629658624594,
                        -7.0035509402997835,
                        -17.817342545193032,
                        -13.454102397697717,
                        21.379573402217968,
                        -12.486545869747967,
                        54.75766602921139,
                        -53.512028131320214,
                        -14.14481464697078,
                        -0.7778524542498932,
                        -18.95216339195755,
                        89.43541417615563,
                        64.30364780489441,
                        -69.56855295721749,
                        -131.63571735530837,
                        117.65918228272531,
                        -149.30775852775648
                    ],
                    [
                        2.516638816210968e-09,
                        -5.968331855116817,
                        -6.54715498798807,
                        12.342775747052904,
                        5.947183111713036,
                        19.186801891435582,
                        11.00104536980731,
                        -22.183012949897705,
                        11.982671746940417,
                        -53.512028131320214,
                        57.12758924239156,
                        14.935704072578469,
                        4.543137896102289,
                        20.737759766844345,
                        -85.50416439543869,
                        -71.1564544862238,
                        71.26953536372868,
                        130.43388196050228,
                        -114.50499022559325,
                        148.45439262926743
                    ],
                    [
                        2.2747332200334577e-09,
                        -1.9061613649641804,
                        -2.1388010877791626,
                        2.9094359156054983,
                        2.315520646041335,
                        6.539828930634164,
                        5.011599218751403,
                        -5.554715786419722,
                        0.17983071388150962,
                        -14.14481464697078,
                        14.935704072578469,
                        8.846257348715055,
                        8.28582392085337,
                        17.4752247721794,
                        -3.0926012180133684,
                        -7.648538415085256,
                        -3.8376389241735267,
                        22.813973867724958,
                        -7.966939501562902,
                        9.98173594366919
                    ],
                    [
                        -6.900790573897056e-10,
                        -0.575342589556053,
                        -2.820264851330674,
                        0.9023149685361784,
                        -0.17471553117200322,
                        5.417388097519517,
                        1.9240695692948686,
                        -1.4770385001022242,
                        -6.21317335951889,
                        -0.7778524542498932,
                        4.543137896102289,
                        8.28582392085337,
                        17.202734286646077,
                        24.981810030323565,
                        35.502321612413745,
                        8.000125210598503,
                        -37.50202132855506,
                        -12.470549177382068,
                        34.76046134287625,
                        -42.01691218421978
                    ],
                    [
                        4.5340538774201225e-09,
                        -3.5488953674390817,
                        -5.508296282239692,
                        3.972475628518338,
                        1.48129305025854,
                        13.951122739679873,
                        8.962625928148414,
                        -8.754857544739922,
                        -6.9563599323319965,
                        -18.95216339195755,
                        20.737759766844345,
                        17.4752247721794,
                        24.981810030323565,
                        48.724911292104736,
                        28.851639137667966,
                        -3.1989692783996704,
                        -42.164212116268786,
                        23.324401195720394,
                        17.135264211937265,
                        -19.227800178360862
                    ],
                    [
                        -5.798172644814493e-09,
                        8.830416393709037,
                        4.390537903732206,
                        -19.112098282304906,
                        -10.53153661410579,
                        -19.28964761050208,
                        -14.231043213731684,
                        34.2587000317285,
                        -36.37662621429078,
                        89.43541417615563,
                        -85.50416439543869,
                        -3.0926012180133684,
                        35.502321612413745,
                        28.851639137667966,
                        238.68425361428592,
                        143.81766883995633,
                        -218.23179737774228,
                        -257.1926834199228,
                        286.6878485799858,
                        -366.2962207452159
                    ],
                    [
                        2.8722236787576187e-09,
                        6.871336617417473,
                        8.697229085447198,
                        -16.223354657168212,
                        -3.041479240743585,
                        -22.365513187532834,
                        -6.62506598639688,
                        28.323085473329197,
                        -19.021540247610726,
                        64.30364780489441,
                        -71.1564544862238,
                        -7.648538415085256,
                        8.000125210598503,
                        -3.1989692783996704,
                        143.81766883995633,
                        120.42397981180339,
                        -138.48439463693603,
                        -187.26716701801595,
                        189.72430406470357,
                        -251.62670685937567
                    ],
                    [
                        -8.878718073994164e-10,
                        -6.331841627994276,
                        -3.8206106297415574,
                        16.16841546629536,
                        6.288974846016266,
                        13.84141277478313,
                        5.360227713865161,
                        -27.825724056319746,
                        33.12405487001833,
                        -69.56855295721749,
                        71.26953536372868,
                        -3.8376389241735267,
                        -37.50202132855506,
                        -42.164212116268786,
                        -218.23179737774228,
                        -138.48439463693603,
                        216.04853191899602,
                        217.64030671952065,
                        -258.8594589556759,
                        336.92180110911045
                    ],
                    [
                        8.908180409057458e-09,
                        -14.518516397325557,
                        -12.550296742549612,
                        28.715579688686795,
                        12.765403944557937,
                        41.54163390931063,
                        27.01369992749935,
                        -53.60366530316534,
                        34.62768549395939,
                        -131.63571735530837,
                        130.43388196050228,
                        22.813973867724958,
                        -12.470549177382068,
                        23.324401195720394,
                        -257.1926834199228,
                        -187.26716701801595,
                        217.64030671952065,
                        352.41416766098877,
                        -341.73271758636037,
                        432.9568737515568
                    ],
                    [
                        -5.9429730716052664e-09,
                        11.840438711627648,
                        8.005407286316553,
                        -25.598195914254667,
                        -10.670161882479771,
                        -30.99208543003676,
                        -20.30367652545258,
                        47.05395559446676,
                        -39.61707729758927,
                        117.65918228272531,
                        -114.50499022559325,
                        -7.966939501562902,
                        34.76046134287625,
                        17.135264211937265,
                        286.6878485799858,
                        189.72430406470357,
                        -258.8594589556759,
                        -341.73271758636037,
                        369.26655866241856,
                        -459.8075611716027
                    ],
                    [
                        5.219369203862384e-09,
                        -15.970754905869471,
                        -12.654881301808928,
                        33.260923622811084,
                        12.807296262324424,
                        40.86331823786054,
                        22.91284702736546,
                        -61.033717202735104,
                        51.66799409200694,
                        -149.30775852775648,
                        148.45439262926743,
                        9.98173594366919,
                        -42.01691218421978,
                        -19.227800178360862,
                        -366.2962207452159,
                        -251.62670685937567,
                        336.92180110911045,
                        432.9568737515568,
                        -459.8075611716027,
                        599.8514031469745
                    ]
                ],
                "mui": [
                    1.0,
                    -0.6686653037090864,
                    0.35533202951922005,
                    0.33238017795390823,
                    1.7586044984600264,
                    1.0910775496053304,
                    3.916725355800003,
                    -1.476647992178116,
                    0.29090436293759503,
                    -6.040590641675395,
                    2.5166388162109676,
                    2.2747332200334576,
                    -0.6900790573897057,
                    4.5340538774201224,
                    -5.798172644814493,
                    2.8722236787576185,
                    -0.8878718073994163,
                    8.908180409057458,
                    -5.942973071605266,
                    5.219369203862383
                ],
                "Ai": [
                    [
                        0.0,
                        0.0,
                        0.0,
                        0.0,
                        0.0,
                        0.0,
                        0.0,
                        0.0,
                        0.0,
                        0.0,
                        0.0,
                        0.0,
                        0.0,
                        0.0,
                        0.0,
                        0.0,
                        0.0,
                        0.0,
                        0.0,
                        0.0
                    ],
                    [
                        -0.6686653037090864,
                        0.0,
                        0.0,
                        0.0,
                        0.0,
                        0.0,
                        0.0,
                        0.0,
                        0.0,
                        0.0,
                        0.0,
                        0.0,
                        0.0,
                        0.0,
                        0.0,
                        0.0,
                        0.0,
                        0.0,
                        0.0,
                        0.0
                    ],
                    [
                        0.8570299213642258,
                        0.7502974792651684,
                        0.0,
                        0.0,
                        0.0,
                        0.0,
                        0.0,
                        0.0,
                        0.0,
                        0.0,
                        0.0,
                        0.0,
                        0.0,
                        0.0,
                        0.0,
                        0.0,
                        0.0,
                        0.0,
                        0.0,
                        0.0
                    ],
                    [
                        -0.0,
                        -0.8269846806429407,
                        -0.6208159309180246,
                        0.0,
                        0.0,
                        0.0,
                        0.0,
                        0.0,
                        0.0,
                        0.0,
                        0.0,
                        0.0,
                        0.0,
                        0.0,
                        0.0,
                        0.0,
                        0.0,
                        0.0,
                        0.0,
                        0.0
                    ],
                    [
                        0.7518673673587717,
                        -0.7466255944404283,
                        0.9062664544700496,
                        0.5580025975900922,
                        0.0,
                        0.0,
                        0.0,
                        0.0,
                        0.0,
                        0.0,
                        0.0,
                        0.0,
                        0.0,
                        0.0,
                        0.0,
                        0.0,
                        0.0,
                        0.0,
                        0.0,
                        0.0
                    ],
                    [
                        0.7100859694083728,
                        -0.8274694622389681,
                        -0.9883662938640696,
                        0.5382079735538872,
                        -0.0,
                        0.0,
                        0.0,
                        0.0,
                        0.0,
                        0.0,
                        0.0,
                        0.0,
                        0.0,
                        0.0,
                        0.0,
                        0.0,
                        0.0,
                        0.0,
                        0.0,
                        0.0
                    ],
                    [
                        0.9547518738312051,
                        -0.84120305620316,
                        0.7162229028485643,
                        -0.6874223386701732,
                        0.8779738909783616,
                        0.7602300795265163,
                        0.0,
                        0.0,
                        0.0,
                        0.0,
                        0.0,
                        0.0,
                        0.0,
                        0.0,
                        0.0,
                        0.0,
                        0.0,
                        0.0,
                        0.0,
                        0.0
                    ],
                    [
                        0.0,
                        0.5677504212388924,
                        -0.5818711629589066,
                        -0.820830468870185,
                        0.0,
                        -0.5658880489171736,
                        0.0,
                        0.0,
                        0.0,
                        0.0,
                        0.0,
                        0.0,
                        0.0,
                        0.0,
                        0.0,
                        0.0,
                        0.0,
                        0.0,
                        0.0,
                        0.0
                    ],
                    [
                        -0.0,
                        -0.5403961891190006,
                        0.6461016871133557,
                        0.9629937737199381,
                        0.5657394876623878,
                        -0.8308989181705204,
                        -0.5000283906008505,
                        -0.8465365786139836,
                        0.0,
                        0.0,
                        0.0,
                        0.0,
                        0.0,
                        0.0,
                        0.0,
                        0.0,
                        0.0,
                        0.0,
                        0.0,
                        0.0
                    ],
                    [
                        -0.8368962700065348,
                        0.825482846547184,
                        -0.8034171086146393,
                        -0.5106297386071107,
                        -0.0,
                        -0.9974735349022965,
                        -0.5138431236680572,
                        0.5928359510705261,
                        -0.7569711486619264,
                        0.0,
                        0.0,
                        0.0,
                        0.0,
                        0.0,
                        0.0,
                        0.0,
                        0.0,
                        0.0,
                        0.0,
                        0.0
                    ],
                    [
                        -0.7300371783537964,
                        0.7098619182368895,
                        -0.5170272818550068,
                        0.0,
                        0.8839018570834598,
                        0.5216058069884968,
                        -0.7252244854503461,
                        -0.961085006894921,
                        -0.0,
                        -0.5302175383726402,
                        0.0,
                        0.0,
                        0.0,
                        0.0,
                        0.0,
                        0.0,
                        0.0,
                        0.0,
                        0.0,
                        0.0
                    ],
                    [
                        -0.0,
                        -0.0,
                        0.0,
                        -0.9091951621047787,
                        0.9970679319195282,
                        0.7102991621835123,
                        0.0,
                        0.7468206478314308,
                        -0.5517158685733914,
                        -0.0,
                        0.521242780275163,
                        0.0,
                        0.0,
                        0.0,
                        0.0,
                        0.0,
                        0.0,
                        0.0,
                        0.0,
                        0.0
                    ],
                    [
                        -0.7473962747237132,
                        0.7728946299172401,
                        -0.9866343187933792,
                        0.0,
                        0.9811119941700931,
                        0.8381304622268306,
                        -0.0,
                        -0.5035287196757929,
                        -0.5051621345926378,
                        0.6611907363626799,
                        -0.0,
                        0.7395400361265105,
                        0.0,
                        0.0,
                        0.0,
                        0.0,
                        0.0,
                        0.0,
                        0.0,
                        0.0
                    ],
                    [
                        0.7804073458627832,
                        -0.6770495718499767,
                        -0.6019809316935554,
                        -0.8910917979308299,
                        -0.5798350475364851,
                        0.7298056099771151,
                        0.0,
                        -0.8255826710006859,
                        -0.0,
                        -0.5963119657270297,
                        -0.9698459719801034,
                        0.9785680315104126,
                        0.8288373929232902,
                        0.0,
                        0.0,
                        0.0,
                        0.0,
                        0.0,
                        0.0,
                        0.0
                    ],
                    [
                        -0.9193169349752837,
                        0.810389783706808,
                        0.5091654238799006,
                        0.665047164110299,
                        0.7665121805377675,
                        -0.6650693277738442,
                        -0.5843034143810318,
                        0.0,
                        -0.8377905565204382,
                        0.8618177049006466,
                        -0.8043757070705522,
                        0.8220417776326234,
                        0.9534379498510865,
                        0.7033901474394038,
                        0.0,
                        0.0,
                        0.0,
                        0.0,
                        0.0,
                        0.0
                    ],
                    [
                        0.792539422926159,
                        0.6805105553162697,
                        0.7497096339685743,
                        -0.0,
                        0.5150768162118147,
                        -0.9137140910014732,
                        0.7307302167355744,
                        0.566487624960295,
                        0.7378188710162401,
                        -0.6755920989778532,
                        -0.929385860416871,
                        0.5996758999515723,
                        -0.0,
                        0.0,
                        0.5151471684516782,
                        0.0,
                        0.0,
                        0.0,
                        0.0,
                        0.0
                    ],
                    [
                        0.7460241249894195,
                        -0.8654231019062026,
                        -0.5992554317576251,
                        -0.7147139695186868,
                        0.6950566821333577,
                        0.5721521645156487,
                        -0.0,
                        0.0,
                        -0.5186735598151253,
                        0.9046929625889328,
                        0.6141721858399048,
                        0.8228496109232539,
                        -0.7640351221492527,
                        -0.7418428782713654,
                        -0.5120045454292474,
                        -0.5371112284645767,
                        0.0,
                        0.0,
                        0.0,
                        0.0
                    ],
                    [
                        -0.908365557931675,
                        0.7686385267159492,
                        0.7697196010738515,
                        0.0,
                        -0.6926313094588801,
                        0.0,
                        0.928498298968766,
                        -0.6858906376641505,
                        -0.5098434536520022,
                        -0.6946611071792839,
                        0.9008166033897097,
                        -0.9931124009549279,
                        -0.910244341642926,
                        0.0,
                        -0.6411998460443096,
                        -0.892139071471671,
                        -0.8855530293375358,
                        0.0,
                        0.0,
                        0.0
                    ],
                    [
                        -0.0,
                        0.0,
                        -0.8330268075945726,
                        0.0,
                        0.9446993178225307,
                        -0.8772045761775538,
                        -0.9499117218791191,
                        -0.8995303832486634,
                        0.8642924875876894,
                        -0.5225678435203822,
                        -0.8439502407328994,
                        0.0,
                        0.669729707049663,
                        0.9068609062687438,
                        -0.0,
                        -0.0,
                        0.0,
                        -0.9982610279997498,
                        0.0,
                        0.0
                    ],
                    [
                        -0.8047136158738692,
                        0.0,
                        -0.5009181489480401,
                        -0.8270944996938904,
                        -0.5273401981255554,
                        0.7699864225686747,
                        0.9533411417807119,
                        -0.613167657452956,
                        0.0,
                        0.0,
                        -0.9663911241719676,
                        -0.624597064958742,
                        -0.0,
                        -0.0,
                        -0.6095153066642038,
                        -0.5323565698623882,
                        0.6742555034449578,
                        0.9242433292903186,
                        0.6498444319228565,
                        0.0
                    ]
                ]
            },
            "oracle_est_tgt": [
                0,
                9,
                4,
                6
            ]
        },
        "1": {
            "intv_type": "do",
            "inode": 1,
            "new_mui": 1.0,
            "new_vari": null,
            "noise_type": "gaussian",
            "obs_noise_gamma_shape": null,
            "true_params": {
                "Si": [
                    [
                        1.0,
                        0.0,
                        0.8570299213642258,
                        -0.5320578284563332,
                        1.2316751852214967,
                        -0.42333128336796694,
                        2.6938742482535143,
                        0.177606393753784,
                        -0.4074510180740558,
                        -1.8020111078602215,
                        -1.474177615202111,
                        1.0001492530282217,
                        -1.0747906850805187,
                        2.161030680746937,
                        0.10642041237022015,
                        7.466848066214651,
                        -5.121754613017028,
                        -0.7998477631826217,
                        1.974317472896879,
                        -5.459720473400568
                    ],
                    [
                        0.0,
                        1e-09,
                        7.502974792651684e-10,
                        -1.2927813086983935e-09,
                        -7.880314864785909e-10,
                        -2.264823409518741e-09,
                        -1.8287940181183829e-09,
                        2.4739647425337477e-09,
                        -1.0444020007287257e-09,
                        6.3388656631408475e-09,
                        -5.968331853434029e-09,
                        -1.9061613634431453e-09,
                        -5.753425900174849e-10,
                        -3.548895364407317e-09,
                        8.830416389832e-09,
                        6.87133661933803e-09,
                        -6.331841628587965e-09,
                        -1.4518516391368966e-08,
                        1.184043870765379e-08,
                        -1.5970754902379462e-08
                    ],
                    [
                        0.8570299213642258,
                        7.502974792651684e-10,
                        1.7345002866765173,
                        -1.076805410771147,
                        1.6154320389378702,
                        -1.6853019561885865,
                        2.937849759458821,
                        0.8283112274940475,
                        0.22773188168450953,
                        -1.070807071016897,
                        -3.3325449739443416,
                        0.14854481172167844,
                        -3.309714532830692,
                        -0.9935010860366353,
                        -2.143695768089659,
                        9.940994755936948,
                        -3.4593427743818697,
                        -2.3425839710777714,
                        0.8136051301105949,
                        -5.3512079784183575
                    ],
                    [
                        -0.5320578284563332,
                        -1.2927813086983935e-09,
                        -1.076805410771147,
                        1.668497954574566,
                        -0.4448833468462343,
                        1.5844702782360465,
                        -1.6122126681546278,
                        -1.6396247367687597,
                        1.5369590536910944,
                        -2.429088500250754,
                        5.411375630406792,
                        -0.08695110440709113,
                        0.7303736209856475,
                        -1.7652632532586254,
                        -7.75292284850388,
                        -11.313014087274542,
                        10.707798604987289,
                        10.371878347676713,
                        -11.341549146855565,
                        15.519117237179652
                    ],
                    [
                        1.2316751852214967,
                        -7.880314864785909e-10,
                        1.6154320389378702,
