{
    "expt_args": {
        "save_dir": "all_expt_logs/expt_logs_sim_compsel_backward_cameraready_largenodes",
        "exp_name": "116",
        "num_nodes": 15,
        "num_tgt_prior": 16,
        "obs_noise_mean": 0.0,
        "obs_noise_var": 1.0,
        "obs_noise_gamma_shape": null,
        "noise_type": "gaussian",
        "max_edge_strength": 1.0,
        "graph_sparsity_method": "adj_dense_prop",
        "adj_dense_prop": 0.8,
        "num_parents": null,
        "new_noise_mean": 1.0,
        "mix_samples": 65536,
        "stage2_samples": 65536,
        "gmm_tol": 0.001,
        "intv_type": "do",
        "new_noise_var": null,
        "dtype": "simulation",
        "cutoff_drop_ratio": 0.07,
        "intv_targets": [
            0,
            1,
            2,
            3,
            4,
            5,
            6,
            7,
            8,
            9,
            10,
            11,
            12,
            13,
            14
        ]
    },
    "intv_args_dict": {
        "0": {
            "intv_type": "do",
            "inode": 0,
            "new_mui": 1.0,
            "new_vari": null,
            "noise_type": "gaussian",
            "obs_noise_gamma_shape": null,
            "true_params": {
                "Si": [
                    [
                        1e-09,
                        -6.631685828452779e-10,
                        1.2393242451599989e-09,
                        -1.5464134443142807e-09,
                        3.752095540608995e-10,
                        2.5540477427542233e-09,
                        -3.3845200449393436e-10,
                        1.2335972270493442e-09,
                        -1.0241873769371544e-09,
                        1.0325688571744647e-09,
                        1.4796621892856506e-09,
                        -2.1629763085558744e-09,
                        2.8482498496693845e-09,
                        3.1508785693274954e-09,
                        -2.380550256416307e-09
                    ],
                    [
                        -6.631685828452779e-10,
                        1.0000000004397926,
                        -0.6988890992618751,
                        0.8302034202498898,
                        -0.7865527735524332,
                        -1.1098859017281248,
                        0.41512662480555185,
                        0.373315981162044,
                        1.0431362026093678,
                        -0.7304808895409752,
                        -2.30965068426298,
                        4.266490969641308,
                        -0.6569495516225559,
                        -0.004124471349590973,
                        2.4540695074725103
                    ],
                    [
                        1.2393242451599989e-09,
                        -0.6988890992618751,
                        1.4884459734541926,
                        -0.5802201211000192,
                        -0.40633947497488543,
                        1.423706550636663,
                        -2.0105928607759576,
                        0.20282500678888066,
                        -1.7307054091562626,
                        1.394638818595408,
                        1.1873643144186612,
                        -3.6575402958548775,
                        0.7649637206549526,
                        0.1811308948112412,
                        -3.9869507249915155
                    ],
                    [
                        -1.5464134443142807e-09,
                        0.8302034202498898,
                        -0.5802201211000192,
                        1.689237719683208,
                        -1.2508197488060382,
                        -1.4201177830828995,
                        -0.6190548992989535,
                        -0.5740696072634068,
                        -0.5873856630125389,
                        -1.690536081330205,
                        -2.450605534956107,
                        2.2415550252054297,
                        -1.3888029772897899,
                        -0.5191093286583183,
                        0.5186794266313812
                    ],
                    [
                        3.752095540608995e-10,
                        -0.7865527735524332,
                        -0.40633947497488543,
                        -1.2508197488060382,
                        2.8900917883943853,
                        -0.1262386854577483,
                        3.0668186445028285,
                        -0.14439637463215652,
                        3.089266727204633,
                        0.0070854044506393765,
                        1.7837696654399406,
                        0.1835047492836921,
                        -0.1835608427775296,
                        -1.1580055108446665,
                        2.535519325846731
                    ],
                    [
                        2.5540477427542233e-09,
                        -1.1098859017281248,
                        1.423706550636663,
                        -1.4201177830828995,
                        -0.1262386854577483,
                        3.3598869304243344,
                        -2.5688428156290217,
                        -0.24123627558325672,
                        -4.318796402807518,
                        2.4687794799558462,
                        4.4751630049337985,
                        -9.350030110538398,
                        2.7904649862466107,
                        2.336625225124436,
                        -5.612141724553931
                    ],
                    [
                        -3.3845200449393436e-10,
                        0.41512662480555185,
                        -2.0105928607759576,
                        -0.6190548992989535,
                        3.0668186445028285,
                        -2.5688428156290217,
                        6.896721712105387,
                        1.4133274427896234,
                        8.695388773653006,
                        -1.4825436914303773,
                        -2.13879634938071,
                        11.880006775442862,
                        -0.8716551805004903,
                        -0.6519077546116177,
                        11.574715623914813
                    ],
                    [
                        1.2335972270493442e-09,
                        0.373315981162044,
                        0.20282500678888066,
                        -0.5740696072634068,
                        -0.14439637463215652,
                        -0.24123627558325672,
                        1.4133274427896234,
                        3.012455154179603,
                        4.3293702962410086,
                        1.4407084631397475,
                        -2.3051856403084843,
                        8.877166476991308,
                        0.6501001230757446,
                        0.8480700780472409,
                        4.492469462050555
                    ],
                    [
                        -1.0241873769371544e-09,
                        1.0431362026093678,
                        -1.7307054091562626,
                        -0.5873856630125389,
                        3.089266727204633,
                        -4.318796402807518,
                        8.695388773653006,
                        4.3293702962410086,
                        15.810629823860854,
                        -0.3210464510180244,
                        -7.169187631013385,
                        25.594781060134448,
                        -2.883921893159105,
                        -3.027784090211889,
                        16.571124291346262
                    ],
                    [
                        1.0325688571744647e-09,
                        -0.7304808895409752,
                        1.394638818595408,
                        -1.690536081330205,
                        0.0070854044506393765,
                        2.4687794799558462,
                        -1.4825436914303773,
                        1.4407084631397475,
                        -0.3210464510180244,
                        4.458825049144782,
                        2.736408620152079,
                        -1.9097900844035567,
                        1.7385673232285723,
                        0.7243745633294852,
                        -2.5932203049437486
                    ],
                    [
                        1.4796621892856506e-09,
                        -2.30965068426298,
                        1.1873643144186612,
                        -2.450605534956107,
                        1.7837696654399406,
                        4.4751630049337985,
                        -2.13879634938071,
                        -2.3051856403084843,
                        -7.169187631013385,
                        2.736408620152079,
                        10.741765604624364,
                        -19.853777168648545,
                        4.487016075982782,
                        3.2298981543125542,
                        -7.101881434002316
                    ],
                    [
                        -2.1629763085558744e-09,
                        4.266490969641308,
                        -3.6575402958548775,
                        2.2415550252054297,
                        0.1835047492836921,
                        -9.350030110538398,
                        11.880006775442862,
                        8.877166476991308,
                        25.594781060134448,
                        -1.9097900844035567,
                        -19.853777168648545,
                        54.66363968059063,
                        -6.569975395444839,
                        -3.4269642925799237,
                        29.62287933784228
                    ],
                    [
                        2.8482498496693845e-09,
                        -0.6569495516225559,
                        0.7649637206549526,
                        -1.3888029772897899,
                        -0.1835608427775296,
                        2.7904649862466107,
                        -0.8716551805004903,
                        0.6501001230757446,
                        -2.883921893159105,
                        1.7385673232285723,
                        4.487016075982782,
                        -6.569975395444839,
                        5.428122858600282,
                        5.916367468521802,
                        0.21564370218447287
                    ],
                    [
                        3.1508785693274954e-09,
                        -0.004124471349590973,
                        0.1811308948112412,
                        -0.5191093286583183,
                        -1.1580055108446665,
                        2.336625225124436,
                        -0.6519077546116177,
                        0.8480700780472409,
                        -3.027784090211889,
                        0.7243745633294852,
                        3.2298981543125542,
                        -3.4269642925799237,
                        5.916367468521802,
                        9.422231122806469,
                        3.7989754542424725
                    ],
                    [
                        -2.380550256416307e-09,
                        2.4540695074725103,
                        -3.9869507249915155,
                        0.5186794266313812,
                        2.535519325846731,
                        -5.612141724553932,
                        11.574715623914813,
                        4.492469462050555,
                        16.571124291346266,
                        -2.593220304943749,
                        -7.1018814340023155,
                        29.622879337842285,
                        0.21564370218447287,
                        3.7989754542424725,
                        28.157792369177393
                    ]
                ],
                "mui": [
                    1.0,
                    -0.6631685828452779,
                    1.2393242451599988,
                    -1.5464134443142805,
                    0.37520955406089945,
                    2.554047742754223,
                    -0.3384520044939343,
                    1.233597227049344,
                    -1.0241873769371543,
                    1.0325688571744647,
                    1.4796621892856505,
                    -2.162976308555874,
                    2.848249849669384,
                    3.150878569327495,
                    -2.380550256416307
                ],
                "Ai": [
                    [
                        0.0,
                        0.0,
                        0.0,
                        0.0,
                        0.0,
                        0.0,
                        0.0,
                        0.0,
                        0.0,
                        0.0,
                        0.0,
                        0.0,
                        0.0,
                        0.0,
                        0.0
                    ],
                    [
                        -0.6631685828452779,
                        0.0,
                        0.0,
                        0.0,
                        0.0,
                        0.0,
                        0.0,
                        0.0,
                        0.0,
                        0.0,
                        0.0,
                        0.0,
                        0.0,
                        0.0,
                        0.0
                    ],
                    [
                        0.775842952181534,
                        -0.6988890984399942,
                        0.0,
                        0.0,
                        0.0,
                        0.0,
                        0.0,
                        0.0,
                        0.0,
                        0.0,
                        0.0,
                        0.0,
                        0.0,
                        0.0,
                        0.0
                    ],
                    [
                        -0.9958486193139595,
                        0.830203419224357,
                        0.0,
                        0.0,
                        0.0,
                        0.0,
                        0.0,
                        0.0,
                        0.0,
                        0.0,
                        0.0,
                        0.0,
                        0.0,
                        0.0,
                        0.0
                    ],
                    [
                        -0.0,
                        -0.9584145429665678,
                        -0.9560526340495261,
                        -0.5978209464287547,
                        0.0,
                        0.0,
                        0.0,
                        0.0,
                        0.0,
                        0.0,
                        0.0,
                        0.0,
                        0.0,
                        0.0,
                        0.0
                    ],
                    [
                        0.8186285339946766,
                        -0.8926011104210101,
                        0.0,
                        -0.9038940720904689,
                        -0.6778072339807232,
                        0.0,
                        0.0,
                        0.0,
                        0.0,
                        0.0,
                        0.0,
                        0.0,
                        0.0,
                        0.0,
                        0.0
                    ],
                    [
                        0.867934453637861,
                        0.5301779183522533,
                        -0.5996223089828022,
                        -0.8767081401315546,
                        0.7120336725399945,
                        -0.6791485203091069,
                        0.0,
                        0.0,
                        0.0,
                        0.0,
                        0.0,
                        0.0,
                        0.0,
                        0.0,
                        0.0
                    ],
                    [
                        0.0,
                        0.6146625841996015,
                        0.9883637178263505,
                        -0.642576838083522,
                        -0.8417831937157616,
                        -0.0,
                        0.7727102744626146,
                        0.0,
                        0.0,
                        0.0,
                        0.0,
                        0.0,
                        0.0,
                        0.0,
                        0.0
                    ],
                    [
                        -0.7733323329533051,
                        0.5902664981668612,
                        0.9712680819154521,
                        0.0,
                        0.5690723469126653,
                        -0.8352885560336809,
                        0.7592397027183697,
                        0.9027960788722456,
                        0.0,
                        0.0,
                        0.0,
                        0.0,
                        0.0,
                        0.0,
                        0.0
                    ],
                    [
                        -0.9034713114852653,
                        -0.0,
                        -0.7016822837770128,
                        -0.7306321095560083,
                        0.0,
                        0.7797247926529443,
                        -0.9998457221372476,
                        0.0,
                        0.6386149955919864,
                        0.0,
                        0.0,
                        0.0,
                        0.0,
                        0.0,
                        0.0
                    ],
                    [
                        -0.6509249409452366,
                        -0.7204179568988023,
                        -0.0,
                        -0.0,
                        0.5070598040921541,
                        0.0,
                        0.9217452976951744,
                        0.0,
                        -0.997104364347735,
                        0.7295588344274517,
                        0.0,
                        0.0,
                        0.0,
                        0.0,
                        0.0
                    ],
                    [
                        0.840532340060057,
                        -0.7192401562452613,
                        -0.8092528353155177,
                        0.9068060658307249,
                        -0.8261775319902145,
                        -0.0,
                        0.6913608568245131,
                        0.7676551079885567,
                        0.7831340620396705,
                        0.6485044724240328,
                        -0.9095365990899631,
                        0.0,
                        0.0,
                        0.0,
                        0.0
                    ],
                    [
                        -0.0,
                        0.7531302606293722,
                        0.700974644416256,
                        -0.0,
                        -0.9201785514677878,
                        0.6775563459564435,
                        0.7041068071133325,
                        0.5825311383939242,
                        0.0,
                        -0.5040358052156684,
                        0.7662999568717856,
                        0.0,
                        0.0,
                        0.0,
                        0.0
                    ],
                    [
                        -0.5086930798098999,
                        0.6043378531174982,
                        0.7086036913314149,
                        -0.0,
                        -0.0,
                        0.6968790780209138,
                        0.0,
                        -0.6047922453038392,
                        -0.6337197164952979,
                        -0.7612792828709737,
                        0.8929535643063872,
                        0.8694527312703009,
                        0.998763844740322,
                        0.0,
                        0.0
                    ],
                    [
                        -0.9327585196083801,
                        0.9474129157423745,
                        0.0,
                        0.6008564838401413,
                        -0.5015192372673483,
                        -0.5616492607087523,
                        0.8049430418252306,
                        -0.0,
                        0.8859816085042925,
                        0.0,
                        0.5479688243696319,
                        -0.0,
                        0.0,
                        0.6669143521668892,
                        0.0
                    ]
                ]
            },
            "oracle_est_tgt": [
                0,
                3,
                4,
                5,
                7,
                8,
                9,
                10,
                11,
                13
            ]
        },
        "1": {
            "intv_type": "do",
            "inode": 1,
            "new_mui": 1.0,
            "new_vari": null,
            "noise_type": "gaussian",
            "obs_noise_gamma_shape": null,
            "true_params": {
                "Si": [
                    [
                        1.0,
                        0.0,
                        0.775842952181534,
                        -0.9958486193139595,
                        -0.14640753394387612,
                        1.8180062833084802,
                        -0.06315306916914154,
                        1.4811686577725982,
                        -0.33241222018852445,
                        0.5481368813161343,
                        -0.052025581213912764,
                        0.666426460552068,
                        2.4125815477716515,
                        3.148143350893333,
                        -0.7530884599889006
                    ],
                    [
                        0.0,
                        1e-09,
                        -6.988890984399943e-10,
                        8.302034192243571e-10,
                        -7.865527733036061e-10,
                        -1.1098859000343606e-09,
                        4.1512662458110116e-10,
                        3.7331598198012696e-10,
                        1.043136201930159e-09,
                        -7.30480888856208e-10,
                        -2.309650683281715e-09,
                        4.26649096820689e-09,
                        -6.56949549733686e-10,
                        -4.1244692600272975e-12,
                        2.4540695058938044e-09
                    ],
                    [
                        0.775842952181534,
                        -6.988890984399943e-10,
                        1.601932286938204,
                        -0.772622133314667,
                        -1.069641886856448,
                        2.0585067541274107,
                        -1.769462251878221,
                        1.612885739203532,
                        -1.2595685671511931,
                        1.309381824185773,
                        -0.46718905006896694,
                        -0.158693997316954,
                        2.177613229452099,
                        2.62071317555423,
                        -2.856106673324795
                    ],
                    [
                        -0.9958486193139595,
                        8.302034192243571e-10,
                        -0.772622133314667,
                        1.991714473278757,
                        -0.45202120654658284,
                        -2.309145758034141,
                        -0.9008035458784682,
                        -2.35901757255078,
                        -1.122368654771638,
                        -1.629949705187135,
                        -0.4813160368901839,
                        -1.964160235107634,
                        -3.245967214314547,
                        -3.6507593846965687,
                        -0.7687353667185988
                    ],
                    [
                        -0.14640753394387612,
                        -7.865527733036061e-10,
                        -1.069641886856448,
                        -0.45202120654658284,
                        2.2928616896762017,
                        -1.265392334899329,
                        3.4025837272577713,
                        -0.06761790498306589,
                        3.9584160527406036,
                        -0.6477277333945445,
                        -0.025275546548855887,
                        3.441755195412984,
                        -1.0535064484408279,
                        -1.6221615292646456,
                        4.576032324818829
                    ],
                    [
                        1.8180062833084802,
                        -1.1098859000343606e-09,
                        2.0585067541274107,
                        -2.309145758034141,
                        -1.265392334899329,
                        5.433187060187053,
                        -2.2229123044336356,
                        2.8658757919791342,
                        -3.7653617439630365,
                        2.654545333689141,
                        1.8171314427993486,
                        -3.403144448865906,
                        6.447414350260804,
                        8.055391919484583,
                        -4.257524131048735
                    ],
                    [
                        -0.06315306916914154,
                        4.1512662458110116e-10,
                        -1.769462251878221,
                        -0.9008035458784682,
                        3.4025837272577713,
                        -2.2229123044336356,
                        6.728379907872552,
                        1.1648136931650435,
                        8.283348015188018,
                        -1.2139181520521798,
                        -1.1767132825975737,
                        10.06678590568506,
                        -0.75129986007081,
                        -0.8490104913381447,
                        10.603525881262916
                    ],
                    [
                        1.4811686577725982,
                        3.7331598198012696e-10,
                        1.612885739203532,
                        -2.35901757255078,
                        -0.06761790498306589,
                        2.8658757919791342,
                        1.1648136931650435,
                        5.0669509231633,
                        3.447592320327439,
                        2.525291820709021,
                        -1.5200147904320869,
                        8.27150720192685,
                        4.46879005846701,
                        5.512541065969147,
                        2.460875074997315
                    ],
                    [
                        -0.33241222018852445,
                        1.043136201930159e-09,
                        -1.2595685671511931,
                        -1.122368654771638,
                        3.9584160527406036,
                        -3.7653617439630365,
                        8.283348015188018,
                        3.447592320327439,
                        14.832994572253414,
                        0.25873721157604973,
                        -4.742613451405413,
                        20.922721578880534,
                        -3.000605621438967,
                        -4.069963024532413,
                        14.261531354800645
                    ],
                    [
                        0.5481368813161343,
                        -7.30480888856208e-10,
                        1.309381824185773,
                        -1.629949705187135,
                        -0.6477277333945445,
                        2.654545333689141,
                        -1.2139181520521798,
                        2.525291820709021,
                        0.25873721157604973,
                        4.2256767602870084,
                        1.0207357964051529,
                        1.572092951179588,
                        2.581103155260704,
                        2.4469751924026704,
                        -1.2133649901115822
                    ],
                    [
                        -0.052025581213912764,
                        -2.309650683281715e-09,
                        -0.46718905006896694,
                        -0.4813160368901839,
                        -0.025275546548855887,
                        1.8171314427993486,
                        -1.1767132825975737,
                        -1.5200147904320869,
                        -4.742613451405413,
                        1.0207357964051529,
                        5.409985990086402,
                        -10.034344619314409,
                        2.8441761396128546,
                        3.0565880788403077,
                        -1.3946582602030906
                    ],
                    [
                        0.666426460552068,
                        4.26649096820689e-09,
                        -0.158693997316954,
                        -1.964160235107634,
                        3.441755195412984,
                        -3.403144448865906,
                        10.06678590568506,
                        8.27150720192685,
                        20.922721578880534,
                        1.572092951179588,
                        -10.034344619314409,
                        36.9048187396481,
                        -2.1592978899059645,
                        -1.3113612442893208,
                        18.650735884042604
                    ],
                    [
                        2.4125815477716515,
                        -6.56949549733686e-10,
                        2.177613229452099,
                        -3.245967214314547,
                        -1.0535064484408279,
                        6.447414350260804,
                        -0.75129986007081,
                        4.46879005846701,
                        -3.000605621438967,
                        2.581103155260704,
                        2.8441761396128546,
                        -2.1592978899059645,
                        10.817089864672303,
                        13.508810449432026,
                        0.010956241855787585
                    ],
                    [
                        3.148143350893333,
                        -4.1244692600272975e-12,
                        2.62071317555423,
                        -3.6507593846965687,
                        -1.6221615292646456,
                        8.055391919484583,
                        -0.8490104913381447,
                        5.512541065969147,
                        -4.069963024532413,
                        2.4469751924026704,
                        3.0565880788403077,
                        -1.3113612442893208,
                        13.508810449432026,
                        19.333020659405676,
                        1.4382667680236478
                    ],
                    [
                        -0.7530884599889006,
                        2.4540695058938044e-09,
                        -2.856106673324795,
                        -0.7687353667185988,
                        4.576032324818829,
                        -4.2575241310487355,
                        10.603525881262916,
                        2.4608750749973156,
                        14.261531354800645,
                        -1.2133649901115824,
                        -1.3946582602030908,
                        18.650735884042604,
                        0.010956241855787585,
                        1.4382667680236478,
                        22.702477458343427
                    ]
                ],
                "mui": [
                    0.0,
                    1.0,
                    -0.6988890984399942,
                    0.830203419224357,
                    -0.7865527733036061,
                    -1.1098859000343606,
                    0.4151266245811011,
                    0.37331598198012694,
                    1.0431362019301589,
                    -0.730480888856208,
                    -2.3096506832817147,
                    4.26649096820689,
                    -0.656949549733686,
                    -0.004124469260027297,
                    2.4540695058938042
                ],
                "Ai": [
                    [
                        0.0,
                        0.0,
                        0.0,
                        0.0,
                        0.0,
                        0.0,
                        0.0,
                        0.0,
                        0.0,
                        0.0,
                        0.0,
                        0.0,
                        0.0,
                        0.0,
                        0.0
                    ],
                    [
                        0.0,
                        0.0,
                        0.0,
                        0.0,
                        0.0,
                        0.0,
                        0.0,
                        0.0,
                        0.0,
                        0.0,
                        0.0,
                        0.0,
                        0.0,
                        0.0,
                        0.0
                    ],
                    [
                        0.775842952181534,
                        -0.6988890984399942,
                        0.0,
                        0.0,
                        0.0,
                        0.0,
                        0.0,
                        0.0,
                        0.0,
                        0.0,
                        0.0,
                        0.0,
                        0.0,
                        0.0,
                        0.0
                    ],
                    [
                        -0.9958486193139595,
                        0.830203419224357,
                        0.0,
                        0.0,
                        0.0,
                        0.0,
                        0.0,
                        0.0,
                        0.0,
                        0.0,
                        0.0,
                        0.0,
                        0.0,
                        0.0,
                        0.0
                    ],
                    [
                        -0.0,
                        -0.9584145429665678,
                        -0.9560526340495261,
                        -0.5978209464287547,
                        0.0,
                        0.0,
                        0.0,
                        0.0,
                        0.0,
                        0.0,
                        0.0,
                        0.0,
                        0.0,
                        0.0,
                        0.0
                    ],
                    [
                        0.8186285339946766,
                        -0.8926011104210101,
                        0.0,
                        -0.9038940720904689,
                        -0.6778072339807232,
                        0.0,
                        0.0,
                        0.0,
                        0.0,
                        0.0,
                        0.0,
                        0.0,
                        0.0,
                        0.0,
                        0.0
                    ],
                    [
                        0.867934453637861,
                        0.5301779183522533,
                        -0.5996223089828022,
                        -0.8767081401315546,
                        0.7120336725399945,
                        -0.6791485203091069,
                        0.0,
                        0.0,
                        0.0,
                        0.0,
                        0.0,
                        0.0,
                        0.0,
                        0.0,
                        0.0
                    ],
                    [
                        0.0,
                        0.6146625841996015,
                        0.9883637178263505,
                        -0.642576838083522,
                        -0.8417831937157616,
                        -0.0,
                        0.7727102744626146,
                        0.0,
                        0.0,
                        0.0,
                        0.0,
                        0.0,
                        0.0,
                        0.0,
                        0.0
                    ],
                    [
                        -0.7733323329533051,
                        0.5902664981668612,
                        0.9712680819154521,
                        0.0,
                        0.5690723469126653,
                        -0.8352885560336809,
                        0.7592397027183697,
                        0.9027960788722456,
                        0.0,
                        0.0,
                        0.0,
                        0.0,
                        0.0,
                        0.0,
                        0.0
                    ],
                    [
                        -0.9034713114852653,
                        -0.0,
                        -0.7016822837770128,
                        -0.7306321095560083,
                        0.0,
                        0.7797247926529443,
                        -0.9998457221372476,
                        0.0,
                        0.6386149955919864,
                        0.0,
                        0.0,
                        0.0,
                        0.0,
                        0.0,
                        0.0
                    ],
                    [
                        -0.6509249409452366,
                        -0.7204179568988023,
                        -0.0,
                        -0.0,
                        0.5070598040921541,
                        0.0,
                        0.9217452976951744,
                        0.0,
                        -0.997104364347735,
                        0.7295588344274517,
                        0.0,
                        0.0,
                        0.0,
                        0.0,
                        0.0
                    ],
                    [
                        0.840532340060057,
                        -0.7192401562452613,
                        -0.8092528353155177,
                        0.9068060658307249,
                        -0.8261775319902145,
                        -0.0,
                        0.6913608568245131,
                        0.7676551079885567,
                        0.7831340620396705,
                        0.6485044724240328,
                        -0.9095365990899631,
                        0.0,
                        0.0,
                        0.0,
                        0.0
                    ],
                    [
                        -0.0,
                        0.7531302606293722,
                        0.700974644416256,
                        -0.0,
                        -0.9201785514677878,
                        0.6775563459564435,
                        0.7041068071133325,
                        0.5825311383939242,
                        0.0,
                        -0.5040358052156684,
                        0.7662999568717856,
                        0.0,
                        0.0,
                        0.0,
