{
    "expt_args": {
        "save_dir": "all_expt_logs/expt_logs_sim_compsel_n48_middleout_oracle_corr-half",
        "exp_name": "103",
        "num_nodes": 8,
        "num_tgt_prior": 9,
        "obs_noise_mean": 0.0,
        "obs_noise_var": 1.0,
        "obs_noise_gamma_shape": 2.0,
        "noise_type": "gaussian",
        "max_edge_strength": 1.0,
        "graph_sparsity_method": "adj_dense_prop",
        "adj_dense_prop": 0.8,
        "num_parents": null,
        "new_noise_mean": 1.0,
        "mix_samples": 16384,
        "stage2_samples": 16384,
        "gmm_tol": 0.001,
        "intv_type": "do",
        "new_noise_var": null,
        "dtype": "simulation",
        "cutoff_drop_ratio": 0.07,
        "intv_targets": [
            3,
            5,
            2,
            4
        ]
    },
    "intv_args_dict": {
        "3": {
            "intv_type": "do",
            "inode": 3,
            "new_mui": 1.0,
            "new_vari": null,
            "noise_type": "gaussian",
            "obs_noise_gamma_shape": 2.0,
            "true_params": {
                "Si": [
                    [
                        1.0,
                        -0.8863282839376905,
                        -0.7504976566578029,
                        0.0,
                        0.03370313890930815,
                        2.0647584947593507,
                        2.181229592763051,
                        -1.7055289385976313
                    ],
                    [
                        -0.8863282839376905,
                        1.7855778269079314,
                        1.5119363774796817,
                        0.0,
                        0.8138105104903668,
                        -2.6540151145040722,
                        -1.8387912866740175,
                        2.434884929652811
                    ],
                    [
                        -0.7504976566578029,
                        1.5119363774796817,
                        2.2802307326502502,
                        0.0,
                        1.6854717755063264,
                        -2.084898815386019,
                        -1.5163109415205764,
                        3.8509429485297497
                    ],
                    [
                        0.0,
                        0.0,
                        0.0,
                        1e-09,
                        0.0,
                        9.302004709312971e-10,
                        -2.0512242073603695e-11,
                        -3.6925674418518305e-10
                    ],
                    [
                        0.03370313890930815,
                        0.8138105104903668,
                        1.6854717755063264,
                        0.0,
                        2.7057062251168524,
                        0.5088364957728626,
                        1.7878779501123723,
                        2.8306655421928877
                    ],
                    [
                        2.0647584947593507,
                        -2.6540151145040722,
                        -2.084898815386019,
                        9.302004709312971e-10,
                        0.5088364957728626,
                        6.914482052735269,
                        6.755893169992089,
                        -3.6907884212810713
                    ],
                    [
                        2.181229592763051,
                        -1.8387912866740175,
                        -1.5163109415205764,
                        -2.0512242073603695e-11,
                        1.7878779501123723,
                        6.755893169992089,
                        8.907028156885886,
                        -3.8092455918564863
                    ],
                    [
                        -1.7055289385976313,
                        2.434884929652811,
                        3.8509429485297497,
                        -3.6925674418518305e-10,
                        2.8306655421928877,
                        -3.6907884212810713,
                        -3.8092455918564863,
                        8.641943825539387
                    ]
                ],
                "mui": [
                    0.0,
                    0.0,
                    0.0,
                    1.0,
                    0.0,
                    0.930200470931297,
                    -0.020512242073603693,
                    -0.369256744185183
                ],
                "Ai": [
                    [
                        0.0,
                        0.0,
                        0.0,
                        0.0,
                        0.0,
                        0.0,
                        0.0,
                        0.0
                    ],
                    [
                        -0.8863282839376905,
                        0.0,
                        0.0,
                        0.0,
                        0.0,
                        0.0,
                        0.0,
                        0.0
                    ],
                    [
                        0.0,
                        0.8467490773549131,
                        0.0,
                        0.0,
                        0.0,
                        0.0,
                        0.0,
                        0.0
                    ],
                    [
                        0.0,
                        0.0,
                        0.0,
                        0.0,
                        0.0,
                        0.0,
                        0.0,
                        0.0
                    ],
                    [
                        0.7814828507470413,
                        -0.0,
                        0.9963784766068776,
                        -0.0,
                        0.0,
                        0.0,
                        0.0,
                        0.0
                    ],
                    [
                        0.5743791581130193,
                        -0.96146148565308,
                        -0.806703077524882,
                        0.930200470931297,
                        0.9726114467379606,
                        0.0,
                        0.0,
                        0.0
                    ],
                    [
                        0.5752281240123581,
                        0.8032453523071492,
                        -0.9240735640776796,
                        -0.7395479858803294,
                        0.8422850080764924,
                        0.7729900879181908,
                        0.0,
                        0.0
                    ],
                    [
                        -0.697538143092294,
                        -0.0,
                        0.7511520258120934,
                        -0.9133600722275225,
                        0.9801150733664727,
                        0.5682445670724466,
                        -0.7567170907841996,
                        0.0
                    ]
                ]
            },
            "est_params": {
                "mui": [
                    0.09433594948554634,
                    -0.2288035209207101,
                    -0.4193651859844133,
                    0.9935799056074597,
                    0.02265727356355443,
                    1.5515726852210576,
                    0.7366553140178957,
                    -0.9429850482255923
                ],
                "Si": [
                    [
                        0.9697771677130638,
                        -0.8720661908138669,
                        -0.7798604055095859,
                        0.37108528698283155,
                        0.05949464454137323,
                        2.422777319192446,
                        2.211874677999021,
                        -1.8375664526480373
                    ],
                    [
                        -0.8720661908138669,
                        1.7509735128022326,
                        1.532475159938866,
                        -0.47981388225787724,
                        0.5374095861756981,
                        -3.345263855915223,
                        -2.277851623415503,
                        2.541550492936427
                    ],
                    [
                        -0.7798604055095859,
                        1.532475159938866,
                        2.2904966507497067,
                        -0.5570850616929132,
                        1.1629963062380864,
                        -3.14204220653772,
                        -2.3835462105539316,
                        3.9336360036910567
                    ],
                    [
                        0.37108528698283155,
                        -0.47981388225787724,
                        -0.5570850616929129,
                        0.8619249080466402,
                        -0.05269370622452136,
                        1.881705158537577,
                        1.113336997926183,
                        -1.303289042832178
                    ],
                    [
                        0.05949464454137321,
                        0.5374095861756981,
                        1.1629963062380864,
                        -0.05269370622452135,
                        2.475566183307692,
                        0.9327979765427785,
                        2.214412973619404,
                        2.1508054493334177
                    ],
                    [
                        2.422777319192446,
                        -3.345263855915223,
                        -3.14204220653772,
                        1.881705158537577,
                        0.9327979765427785,
                        10.797825956126951,
                        9.31764483353248,
                        -5.766310775896052
                    ],
                    [
                        2.211874677999021,
                        -2.277851623415503,
                        -2.3835462105539316,
                        1.113336997926183,
                        2.2144129736194036,
                        9.31764483353248,
                        10.878897035747105,
                        -5.087229856516725
                    ],
                    [
                        -1.8375664526480373,
                        2.541550492936427,
                        3.9336360036910563,
                        -1.303289042832178,
                        2.1508054493334177,
                        -5.766310775896052,
                        -5.087229856516724,
                        9.084652779666678
                    ]
                ]
            },
            "est_tgt": [
                0,
                1,
                2,
                3,
                5,
                6,
                7
            ],
            "oracle_est_tgt": [
                0,
                3,
                5,
                7
            ]
        },
        "5": {
            "intv_type": "do",
            "inode": 5,
            "new_mui": 1.0,
            "new_vari": null,
            "noise_type": "gaussian",
            "obs_noise_gamma_shape": 2.0,
            "true_params": {
                "Si": [
                    [
                        1.0,
                        -0.8863282839376905,
                        -0.7504976566578029,
                        1.0866883153488196,
                        0.03370313890930815,
                        0.0,
                        -0.2184664125267185,
                        -2.055463473867778
                    ],
                    [
                        -0.8863282839376905,
                        1.7855778269079314,
                        1.5119363774796817,
                        -1.5098064134518379,
                        0.8138105104903668,
                        0.0,
                        1.3293103821602033,
                        2.9246548160890553
                    ],
                    [
                        -0.7504976566578029,
                        1.5119363774796817,
                        2.2802307326502502,
                        -1.9240066612971163,
                        1.6854717755063264,
                        0.0,
                        1.5181904282678138,
                        4.496727187870263
                    ],
                    [
                        1.0866883153488196,
                        -1.5098064134518379,
                        -1.9240066612971163,
                        2.8964838216332107,
                        -1.0678105436124101,
                        0.0,
                        -1.8512171994249833,
                        -4.494490239186183
                    ],
                    [
                        0.03370313890930815,
                        0.8138105104903668,
                        1.6854717755063264,
                        -1.0678105436124101,
                        2.7057062251168524,
                        0.0,
                        2.184249519339261,
                        3.216876342445978
                    ],
                    [
                        0.0,
                        0.0,
                        0.0,
                        0.0,
                        0.0,
                        1e-09,
                        7.729900879181908e-10,
                        -1.669024346202941e-11
                    ],
                    [
                        -0.2184664125267185,
                        1.3293103821602033,
                        1.5181904282678138,
                        -1.8512171994249833,
                        2.184249519339261,
                        7.729900879181908e-10,
                        3.74799929750534,
                        2.2882491001271195
                    ],
                    [
                        -2.055463473867778,
                        2.9246548160890553,
                        4.496727187870263,
                        -4.494490239186183,
                        3.216876342445978,
                        -1.669024346202941e-11,
                        2.2882491001271195,
                        11.337929631277888
                    ]
                ],
                "mui": [
                    0.0,
                    0.0,
                    0.0,
                    0.0,
                    0.0,
                    1.0,
                    0.7729900879181908,
                    -0.016690243462029408
                ],
                "Ai": [
                    [
                        0.0,
                        0.0,
                        0.0,
                        0.0,
                        0.0,
                        0.0,
                        0.0,
                        0.0
                    ],
                    [
                        -0.8863282839376905,
                        0.0,
                        0.0,
                        0.0,
                        0.0,
                        0.0,
                        0.0,
                        0.0
                    ],
                    [
                        0.0,
                        0.8467490773549131,
                        0.0,
                        0.0,
                        0.0,
                        0.0,
                        0.0,
                        0.0
                    ],
                    [
                        0.6021824331338994,
                        -0.0,
                        -0.645579473722242,
                        0.0,
                        0.0,
                        0.0,
                        0.0,
                        0.0
                    ],
                    [
                        0.7814828507470413,
                        -0.0,
                        0.9963784766068776,
                        -0.0,
                        0.0,
                        0.0,
                        0.0,
                        0.0
                    ],
                    [
                        0.0,
                        0.0,
                        0.0,
                        0.0,
                        0.0,
                        0.0,
                        0.0,
                        0.0
                    ],
                    [
                        0.5752281240123581,
                        0.8032453523071492,
                        -0.9240735640776796,
                        -0.7395479858803294,
                        0.8422850080764924,
                        0.7729900879181908,
                        0.0,
                        0.0
                    ],
                    [
                        -0.697538143092294,
                        -0.0,
                        0.7511520258120934,
                        -0.9133600722275225,
                        0.9801150733664727,
                        0.5682445670724466,
                        -0.7567170907841996,
                        0.0
                    ]
                ]
            },
            "est_params": {
                "mui": [
                    0.015906455503846825,
                    0.0014028024094777125,
                    0.01705061896160709,
                    -0.014747897678644347,
                    0.02392519230672522,
                    0.9999976765827445,
                    0.8058609965113765,
                    -0.020452633221460802
                ],
                "Si": [
                    [
                        0.9944131071909127,
                        -0.8744348889764566,
                        -0.7140520174670971,
                        1.054666429924046,
                        0.060799982221583296,
                        -6.025533363621113e-07,
                        -0.22769328978692072,
                        -1.9715832957900579
                    ],
                    [
                        -0.8744348889764567,
                        1.7502710855783312,
                        1.454267602142746,
                        -1.4177148345964172,
                        0.7694182754319963,
                        3.513318228277372e-07,
                        1.301860723159847,
                        2.776021027163043
                    ],
                    [
                        -0.7140520174670971,
                        1.454267602142746,
                        2.208860831446377,
                        -1.8298598243908921,
                        1.6657509265322126,
                        -4.00579369965904e-07,
                        1.5155997480309906,
                        4.326825199855159
                    ],
                    [
                        1.054666429924046,
                        -1.4177148345964172,
                        -1.8298598243908923,
                        2.7906884142524384,
                        -1.0292160172083176,
                        2.4766379639307023e-07,
                        -1.7881218229401334,
                        -4.333389396169931
                    ],
                    [
                        0.060799982221583296,
                        0.7694182754319963,
                        1.6657509265322124,
                        -1.0292160172083173,
                        2.6977949001870694,
                        -3.6588926526059533e-08,
                        2.1562258952408158,
                        3.161416048942566
                    ],
                    [
                        -6.025533363621117e-07,
                        3.5133182282773775e-07,
                        -4.005793699659047e-07,
                        2.476637963930704e-07,
                        -3.65889265260595e-08,
                        1.0131924961735276e-06,
                        -1.8549866306803678e-06,
                        3.257026243778262e-07
                    ],
                    [
                        -0.2276932897869207,
                        1.301860723159847,
                        1.5155997480309906,
                        -1.7881218229401334,
                        2.1562258952408158,
                        -1.8549866306803678e-06,
                        3.6375654907432473,
                        2.304193722770998
                    ],
                    [
                        -1.9715832957900583,
                        2.776021027163043,
                        4.326825199855159,
                        -4.333389396169931,
                        3.161416048942566,
                        3.2570262437782566e-07,
                        2.3041937227709983,
                        10.9716175014485
                    ]
                ]
            },
            "est_tgt": [
                2,
                3,
                5,
                6,
                7
            ],
            "oracle_est_tgt": [
                0,
                3,
                4,
                5,
                6,
                7
            ]
        },
        "2": {
            "intv_type": "do",
            "inode": 2,
            "new_mui": 1.0,
            "new_vari": null,
            "noise_type": "gaussian",
            "obs_noise_gamma_shape": 2.0,
            "true_params": {
                "Si": [
                    [
                        1.0,
                        -0.8863282839376905,
                        0.0,
                        0.6021824331338994,
                        0.7814828507470413,
                        2.746779215717789,
                        2.1994106404670104,
                        -0.5850936671339004
                    ],
                    [
                        -0.8863282839376905,
                        1.7855778269079314,
                        0.0,
                        -0.5337313225769921,
                        -0.6926503540293594,
                        -3.396009594275943,
                        -1.8893547046572015,
                        -0.0731973939752808
                    ],
                    [
                        0.0,
                        0.0,
                        1e-09,
                        -6.45579473722242e-10,
                        9.963784766068777e-10,
                        -4.381322963737099e-10,
                        5.392616636164188e-11,
                        2.027590955460309e-09
                    ],
                    [
                        0.6021824331338994,
                        -0.5337313225769921,
                        -6.45579473722242e-10,
                        1.3626236831918361,
                        0.4705952438720278,
                        2.5842626626167085,
                        1.303934208828595,
                        -0.7215898735800821
                    ],
                    [
                        0.7814828507470413,
                        -0.6926503540293594,
                        9.963784766068777e-10,
                        0.4705952438720278,
                        1.6107154470044924,
                        3.1191722981732752,
                        3.3129057131299735,
                        -0.1307301743219228
                    ],
                    [
                        2.746779215717789,
                        -3.396009594275943,
                        -4.381322963737099e-10,
                        2.5842626626167085,
                        3.1191722981732752,
                        11.280450190931935,
                        8.287917734825882,
                        -1.0807522820889135
                    ],
                    [
                        2.1994106404670104,
                        -1.8893547046572015,
                        5.392616636164188e-11,
                        1.303934208828595,
                        3.3129057131299735,
                        8.287917734825882,
                        8.980114627205761,
                        -1.5639474215329123
                    ],
                    [
                        -0.5850936671339004,
                        -0.0731973939752808,
                        2.027590955460309e-09,
                        -0.7215898735800821,
                        -0.1307301743219228,
                        -1.0807522820889135,
                        -1.5639474215329123,
                        2.508400046599342
                    ]
                ],
                "mui": [
                    0.0,
                    0.0,
                    1.0,
                    -0.645579473722242,
                    0.9963784766068776,
                    -0.4381322963737099,
                    0.05392616636164188,
                    2.0275909554603087
                ],
                "Ai": [
                    [
                        0.0,
                        0.0,
                        0.0,
                        0.0,
                        0.0,
                        0.0,
                        0.0,
                        0.0
                    ],
                    [
                        -0.8863282839376905,
                        0.0,
                        0.0,
                        0.0,
                        0.0,
                        0.0,
                        0.0,
                        0.0
                    ],
                    [
                        0.0,
                        0.0,
                        0.0,
                        0.0,
                        0.0,
                        0.0,
                        0.0,
                        0.0
                    ],
                    [
                        0.6021824331338994,
                        -0.0,
                        -0.645579473722242,
                        0.0,
                        0.0,
                        0.0,
                        0.0,
                        0.0
                    ],
                    [
                        0.7814828507470413,
                        -0.0,
                        0.9963784766068776,
                        -0.0,
                        0.0,
                        0.0,
                        0.0,
                        0.0
                    ],
                    [
                        0.5743791581130193,
                        -0.96146148565308,
                        -0.806703077524882,
                        0.930200470931297,
                        0.9726114467379606,
                        0.0,
                        0.0,
                        0.0
                    ],
                    [
                        0.5752281240123581,
                        0.8032453523071492,
                        -0.9240735640776796,
                        -0.7395479858803294,
                        0.8422850080764924,
                        0.7729900879181908,
                        0.0,
                        0.0
                    ],
                    [
                        -0.697538143092294,
                        -0.0,
                        0.7511520258120934,
                        -0.9133600722275225,
                        0.9801150733664727,
                        0.5682445670724466,
                        -0.7567170907841996,
                        0.0
                    ]
                ]
            },
            "est_params": {
                "mui": [
                    -0.1201438553131612,
                    0.23893899797754362,
                    0.8837662881763367,
                    -0.7675505023062663,
                    0.9432693092510127,
                    -0.8106577155434905,
                    0.059389889990272754,
                    1.8295542824201134
                ],
                "Si": [
                    [
                        0.9922897099629122,
                        -0.8407499403662149,
                        -0.20985093423211207,
                        0.7795433025910535,
                        0.4578563180356479,
                        2.7336093543057105,
                        2.0365006754864265,
                        -1.093943279916694
                    ],
                    [
                        -0.8407499403662146,
                        1.6910470927371337,
                        0.4528056442063059,
                        -0.8264118257614154,
                        -0.29117928727950537,
                        -3.5295723878610263,
                        -1.9154082716048912,
                        0.8085511815389285
                    ],
                    [
                        -0.209850934232112,
                        0.45280564420630576,
                        0.6968769039942891,
                        -0.5253529157843967,
                        0.2076237394754137,
                        -1.423123831832481,
                        -0.9336658569156484,
                        1.2375116151048602
                    ],
                    [
                        0.7795433025910535,
                        -0.8264118257614155,
                        -0.5253529157843967,
                        1.7549910037832535,
                        0.19941967941050498,
                        3.5048928882661206,
                        1.8723278622445116,
                        -1.7667370193877527
                    ],
                    [
                        0.45785631803564797,
                        -0.29117928727950537,
                        0.2076237394754137,
                        0.19941967941050498,
                        1.1729982289265208,
                        1.6996895862628791,
                        2.0148095229600096,
                        0.2568723851997141
                    ],
                    [
                        2.7336093543057105,
                        -3.5295723878610263,
                        -1.423123831832481,
                        3.5048928882661206,
                        1.6996895862628791,
                        12.041070783849328,
                        8.257917860026447,
                        -3.867052042422819
                    ],
                    [
                        2.0365006754864265,
                        -1.9154082716048912,
                        -0.9336658569156484,
                        1.8723278622445114,
                        2.0148095229600096,
                        8.257917860026446,
                        8.252892633779473,
                        -3.3896775116305067
                    ],
                    [
                        -1.093943279916694,
                        0.8085511815389285,
                        1.2375116151048602,
                        -1.7667370193877527,
                        0.25687238519971417,
                        -3.867052042422819,
                        -3.3896775116305067,
                        4.924840477635398
                    ]
                ]
            },
            "est_tgt": [
                0,
                1,
                2,
                4,
                5
            ],
            "oracle_est_tgt": [
                2
            ]
        },
        "4": {
            "intv_type": "do",
            "inode": 4,
            "new_mui": 1.0,
            "new_vari": null,
            "noise_type": "gaussian",
            "obs_noise_gamma_shape": 2.0,
            "true_params": {
                "Si": [
                    [
                        1.0,
                        -0.8863282839376905,
                        -0.7504976566578029,
                        1.0866883153488196,
                        0.0,
                        3.0428164187581674,
                        2.105212869899642,
                        -2.11780035628758
                    ],
                    [
                        -0.8863282839376905,
                        1.7855778269079314,
                        1.5119363774796817,
                        -1.5098064134518379,
                        0.0,
                        -4.849959169290658,
                        -3.1051203749105314,
                        2.7266734611953116
                    ],
                    [
                        -0.7504976566578029,
                        1.5119363774796817,
                        2.2802307326502502,
                        -1.9240066612971163,
                        0.0,
                        -5.5139198598107555,
                        -4.163662576986207,
                        4.011071167751717
                    ],
                    [
                        1.0866883153488196,
                        -1.5098064134518379,
                        -1.9240066612971163,
                        2.8964838216332107,
                        0.0,
                        6.322204546802114,
                        3.935185061395112,
                        -4.234024129165888
                    ],
                    [
                        0.0,
                        0.0,
                        0.0,
                        0.0,
                        1e-09,
                        9.726114467379606e-10,
                        1.5941040158007074e-09,
                        3.265104906036702e-10
                    ],
                    [
                        3.0428164187581674,
                        -4.849959169290658,
                        -5.5139198598107555,
                        6.322204546802114,
                        9.726114467379606e-10,
                        17.73979304900195,
                        11.986984546064901,
                        -11.02893683981326
                    ],
                    [
                        2.105212869899642,
                        -3.1051203749105314,
                        -4.163662576986207,
                        3.935185061395112,
                        1.5941040158007074e-09,
                        11.986984546064901,
                        9.919896710688704,
                        -8.885267301836436
                    ],
                    [
                        -2.11780035628758,
                        2.7266734611953116,
                        4.011071167751717,
                        -4.234024129165888,
                        3.265104906036702e-10,
                        -11.02893683981326,
                        -8.885267301836436,
                        9.813859529722864
                    ]
                ],
                "mui": [
                    0.0,
                    0.0,
                    0.0,
                    0.0,
                    1.0,
                    0.9726114467379606,
                    1.5941040158007074,
                    0.3265104906036702
                ],
                "Ai": [
                    [
                        0.0,
                        0.0,
                        0.0,
                        0.0,
                        0.0,
                        0.0,
                        0.0,
                        0.0
                    ],
                    [
                        -0.8863282839376905,
                        0.0,
                        0.0,
                        0.0,
                        0.0,
                        0.0,
                        0.0,
                        0.0
                    ],
                    [
                        0.0,
                        0.8467490773549131,
                        0.0,
                        0.0,
                        0.0,
                        0.0,
                        0.0,
                        0.0
                    ],
                    [
                        0.6021824331338994,
                        -0.0,
                        -0.645579473722242,
                        0.0,
                        0.0,
                        0.0,
                        0.0,
                        0.0
                    ],
                    [
                        0.0,
                        0.0,
                        0.0,
                        0.0,
                        0.0,
                        0.0,
                        0.0,
                        0.0
                    ],
                    [
                        0.5743791581130193,
                        -0.96146148565308,
                        -0.806703077524882,
                        0.930200470931297,
                        0.9726114467379606,
                        0.0,
                        0.0,
                        0.0
                    ],
                    [
                        0.5752281240123581,
                        0.8032453523071492,
                        -0.9240735640776796,
                        -0.7395479858803294,
                        0.8422850080764924,
                        0.7729900879181908,
                        0.0,
                        0.0
                    ],
                    [
                        -0.697538143092294,
                        -0.0,
                        0.7511520258120934,
                        -0.9133600722275225,
                        0.9801150733664727,
                        0.5682445670724466,
                        -0.7567170907841996,
                        0.0
                    ]
                ]
            },
            "oracle_est_tgt": [
                0,
                4,
                6,
                7
            ]
        },
        "obs": {
            "intv_type": "obs",
            "noise_type": "gaussian",
            "obs_noise_gamma_shape": 2.0,
            "true_params": {
                "Si": [
                    [
                        1.0,
                        -0.8863282839376905,
                        -0.7504976566578029,
                        1.0866883153488196,
                        0.03370313890930815,
                        3.0755964774523603,
                        2.1589391789800594,
                        -2.106795927867418
                    ],
                    [
                        -0.8863282839376905,
                        1.7855778269079314,
                        1.5119363774796817,
                        -1.5098064134518379,
                        0.8138105104903668,
                        -4.058437751312065,
                        -1.8078217720370138,
                        2.992391130233945
                    ],
                    [
                        -0.7504976566578029,
                        1.5119363774796817,
                        2.2802307326502502,
                        -1.9240066612971163,
                        1.6854717755063264,
                        -3.874610717799549,
                        -1.4768452511328236,
                        4.561395384070927
                    ],
                    [
                        1.0866883153488196,
                        -1.5098064134518379,
                        -1.9240066612971163,
                        2.8964838216332107,
                        -1.0678105436124101,
                        5.2836397891372,
                        2.2329839857082323,
                        -4.582675473632548
                    ],
                    [
                        0.03370313890930815,
                        0.8138105104903668,
                        1.6854717755063264,
                        -1.0678105436124101,
                        2.7057062251168524,
                        -0.4844413747608055,
                        1.8097811384716964,
                        3.2249617869338163
                    ],
                    [
                        3.0755964774523603,
                        -4.058437751312065,
                        -3.874610717799549,
                        5.2836397891372,
                        -0.4844413747608055,
