{
    "expt_args": {
        "save_dir": "all_expt_logs/expt_logs_sim_compsel_n48_middleout_oracle_corr-half",
        "exp_name": "12",
        "num_nodes": 8,
        "num_tgt_prior": 9,
        "obs_noise_mean": 0.0,
        "obs_noise_var": 1.0,
        "obs_noise_gamma_shape": 2.0,
        "noise_type": "gaussian",
        "max_edge_strength": 1.0,
        "graph_sparsity_method": "adj_dense_prop",
        "adj_dense_prop": 0.8,
        "num_parents": null,
        "new_noise_mean": 1.0,
        "mix_samples": 2048,
        "stage2_samples": 2048,
        "gmm_tol": 0.001,
        "intv_type": "do",
        "new_noise_var": null,
        "dtype": "simulation",
        "cutoff_drop_ratio": 0.07,
        "intv_targets": [
            6,
            2,
            4,
            0
        ]
    },
    "intv_args_dict": {
        "6": {
            "intv_type": "do",
            "inode": 6,
            "new_mui": 1.0,
            "new_vari": null,
            "noise_type": "gaussian",
            "obs_noise_gamma_shape": 2.0,
            "true_params": {
                "Si": [
                    [
                        1.0,
                        0.0,
                        -0.7875505780131586,
                        -0.44621537229305497,
                        0.8546686073514649,
                        -0.47795755931010775,
                        0.0,
                        -1.2524314277829656
                    ],
                    [
                        0.0,
                        1.0,
                        0.0,
                        -0.6910392849515896,
                        -0.9209263337489773,
                        0.28749249934186594,
                        0.0,
                        -0.5621140316266364
                    ],
                    [
                        -0.7875505780131586,
                        0.0,
                        1.6202359129288602,
                        0.9180034797435569,
                        -0.6730947557293475,
                        0.9286036458783928,
                        0.0,
                        1.8159796915525614
                    ],
                    [
                        -0.44621537229305497,
                        -0.6910392849515896,
                        0.9180034797435569,
                        1.9976634932564385,
                        0.2550300043504615,
                        0.3274654977025922,
                        0.0,
                        2.015553293403996
                    ],
                    [
                        0.8546686073514649,
                        -0.9209263337489773,
                        -0.6730947557293475,
                        0.2550300043504615,
                        2.578563740584425,
                        0.02381396541987202,
                        0.0,
                        -0.9133749172815123
                    ],
                    [
                        -0.47795755931010775,
                        0.28749249934186594,
                        0.9286036458783928,
                        0.3274654977025922,
                        0.02381396541987202,
                        2.10191160880264,
                        0.0,
                        0.12638623373716684
                    ],
                    [
                        0.0,
                        0.0,
                        0.0,
                        0.0,
                        0.0,
                        0.0,
                        1e-09,
                        -6.139854015798201e-10
                    ],
                    [
                        -1.2524314277829656,
                        -0.5621140316266364,
                        1.8159796915525614,
                        2.015553293403996,
                        -0.9133749172815123,
                        0.12638623373716684,
                        -6.139854015798201e-10,
                        4.328381616240629
                    ]
                ],
                "mui": [
                    0.0,
                    0.0,
                    0.0,
                    0.0,
                    0.0,
                    0.0,
                    1.0,
                    -0.6139854015798201
                ],
                "Ai": [
                    [
                        0.0,
                        0.0,
                        0.0,
                        0.0,
                        0.0,
                        0.0,
                        0.0,
                        0.0
                    ],
                    [
                        0.0,
                        0.0,
                        0.0,
                        0.0,
                        0.0,
                        0.0,
                        0.0,
                        0.0
                    ],
                    [
                        -0.7875505780131586,
                        -0.0,
                        0.0,
                        0.0,
                        0.0,
                        0.0,
                        0.0,
                        0.0
                    ],
                    [
                        -0.0,
                        -0.6910392849515896,
                        0.5665863053758047,
                        0.0,
                        0.0,
                        0.0,
                        0.0,
                        0.0
                    ],
                    [
                        0.8546686073514649,
                        -0.9209263337489773,
                        -0.0,
                        0.0,
                        0.0,
                        0.0,
                        0.0,
                        0.0
                    ],
                    [
                        -0.638844399799222,
                        0.9294414219795686,
                        0.5521878937779588,
                        -0.0,
                        0.6970687004077818,
                        0.0,
                        0.0,
                        0.0
                    ],
                    [
                        0.0,
                        0.0,
                        0.0,
                        0.0,
                        0.0,
                        0.0,
                        0.0,
                        0.0
                    ],
                    [
                        -0.6213467108005161,
                        -0.0,
                        0.7763669871142291,
                        0.5982011908532106,
                        -0.0,
                        -0.5173474396122626,
                        -0.6139854015798201,
                        0.0
                    ]
                ]
            },
            "est_params": {
                "mui": [
                    -0.021089307646499897,
                    -0.044814225625602715,
                    0.032025208914395656,
                    -0.02138948851508414,
                    -0.1440178525756404,
                    -0.21341839322231515,
                    1.0000056567052746,
                    -0.4141435184546946
                ],
                "Si": [
                    [
                        0.9514707226273336,
                        0.02637820023334907,
                        -0.7189603163243937,
                        -0.4273512676691512,
                        0.7830421641919779,
                        -0.39675985108820266,
                        4.607315867499118e-06,
                        -1.1960472405767444
                    ],
                    [
                        0.02637820023334907,
                        1.019733930133254,
                        -0.03802046326186608,
                        -0.7400677786830993,
                        -0.8697390413309904,
                        0.2626644397247295,
                        6.518581951732584e-06,
                        -0.6074810582773056
                    ],
                    [
                        -0.7189603163243936,
                        -0.03802046326186612,
                        1.6386939123920166,
                        0.9958046382051196,
                        -0.5916513809991837,
                        0.8800797671446989,
                        9.049129345182418e-06,
                        1.9029264310921021
                    ],
                    [
                        -0.42735126766915116,
                        -0.7400677786830993,
                        0.9958046382051196,
                        2.057190580188189,
                        0.32315485350566503,
                        0.3842587939907189,
                        4.144622018035837e-06,
                        2.048236720268778
                    ],
                    [
                        0.7830421641919779,
                        -0.8697390413309902,
                        -0.5916513809991837,
                        0.32315485350566503,
                        2.41269189829083,
                        0.11413486442511273,
                        1.1053683062079606e-06,
                        -0.8295072692731713
                    ],
                    [
                        -0.3967598510882027,
                        0.2626644397247296,
                        0.8800797671446989,
                        0.3842587939907189,
                        0.11413486442511278,
                        2.015307052818725,
                        5.1782367742769065e-06,
                        0.15157632025359363
                    ],
                    [
                        4.607315867499118e-06,
                        6.518581951732584e-06,
                        9.049129345182418e-06,
                        4.144622018035838e-06,
                        1.1053683062079602e-06,
                        5.1782367742769065e-06,
                        1.0118061485231054e-06,
                        4.113811902037398e-07
                    ],
                    [
                        -1.1960472405767442,
                        -0.6074810582773056,
                        1.9029264310921021,
                        2.048236720268778,
                        -0.8295072692731713,
                        0.15157632025359358,
                        4.113811902037403e-07,
                        4.428230582517673
                    ]
                ]
            },
            "est_tgt": [
                2,
                4,
                6
            ],
            "oracle_est_tgt": [
                3,
                4,
                5,
                6
            ]
        },
        "2": {
            "intv_type": "do",
            "inode": 2,
            "new_mui": 1.0,
            "new_vari": null,
            "noise_type": "gaussian",
            "obs_noise_gamma_shape": 2.0,
            "true_params": {
                "Si": [
                    [
                        1.0,
                        0.0,
                        0.0,
                        0.0,
                        0.8546686073514649,
                        -0.04308166439340766,
                        -0.1522002317347884,
                        -0.5056098016301261
                    ],
                    [
                        0.0,
                        1.0,
                        0.0,
                        -0.6910392849515896,
                        -0.9209263337489773,
                        0.28749249934186594,
                        -0.4283617688982091,
                        -0.29910615892822745
                    ],
                    [
                        0.0,
                        0.0,
                        1e-09,
                        5.665863053758047e-10,
                        0.0,
                        5.521878937779589e-10,
                        1.647459979786937e-09,
                        -1.818897805959232e-10
                    ],
                    [
                        0.0,
                        -0.6910392849515896,
                        5.665863053758047e-10,
                        1.4775352936674242,
                        0.6363962751669822,
                        -0.1986686108612863,
                        0.9161859491185408,
                        0.4241192719084559
                    ],
                    [
                        0.8546686073514649,
                        -0.9209263337489773,
                        0.0,
                        0.6363962751669822,
                        2.578563740584425,
                        0.39548874089905,
                        1.5328528442997276,
                        -1.296106875012593
                    ],
                    [
                        -0.04308166439340766,
                        0.28749249934186594,
                        5.521878937779589e-10,
                        -0.1986686108612863,
                        0.39548874089905,
                        1.5704127403778443,
                        1.4386588422758408,
                        -1.7878396860870645
                    ],
                    [
                        -0.1522002317347884,
                        -0.4283617688982091,
                        1.647459979786937e-09,
                        0.9161859491185408,
                        1.5328528442997276,
                        1.4386588422758408,
                        3.650542599279268,
                        -2.3430336918734596
                    ],
                    [
                        -0.5056098016301261,
                        -0.29910615892822745,
                        -1.818897805959232e-10,
                        0.4241192719084559,
                        -1.296106875012593,
                        -1.7878396860870645,
                        -2.3430336918734596,
                        3.9313904068239105
                    ]
                ],
                "mui": [
                    0.0,
                    0.0,
                    1.0,
                    0.5665863053758047,
                    0.0,
                    0.5521878937779588,
                    1.647459979786937,
                    -0.1818897805959232
                ],
                "Ai": [
                    [
                        0.0,
                        0.0,
                        0.0,
                        0.0,
                        0.0,
                        0.0,
                        0.0,
                        0.0
                    ],
                    [
                        0.0,
                        0.0,
                        0.0,
                        0.0,
                        0.0,
                        0.0,
                        0.0,
                        0.0
                    ],
                    [
                        0.0,
                        0.0,
                        0.0,
                        0.0,
                        0.0,
                        0.0,
                        0.0,
                        0.0
                    ],
                    [
                        -0.0,
                        -0.6910392849515896,
                        0.5665863053758047,
                        0.0,
                        0.0,
                        0.0,
                        0.0,
                        0.0
                    ],
                    [
                        0.8546686073514649,
                        -0.9209263337489773,
                        -0.0,
                        0.0,
                        0.0,
                        0.0,
                        0.0,
                        0.0
                    ],
                    [
                        -0.638844399799222,
                        0.9294414219795686,
                        0.5521878937779588,
                        -0.0,
                        0.6970687004077818,
                        0.0,
                        0.0,
                        0.0
                    ],
                    [
                        -0.8075965464500818,
                        0.5446333391552951,
                        0.9255282942059834,
                        0.620171137705096,
                        0.8006690439390496,
                        0.6710600071882717,
                        0.0,
                        0.0
                    ],
                    [
                        -0.6213467108005161,
                        -0.0,
                        0.7763669871142291,
                        0.5982011908532106,
                        -0.0,
                        -0.5173474396122626,
                        -0.6139854015798201,
                        0.0
                    ]
                ]
            },
            "est_params": {
                "mui": [
                    -0.21333518955165598,
                    -0.04631763872819094,
                    0.8040449006747525,
                    0.4684402971487866,
                    0.2269431235545123,
                    0.6557793441410175,
                    1.838138203001105,
                    -0.3592463547898142
                ],
                "Si": [
                    [
                        0.9595791936783573,
                        -0.051797199642494685,
                        -0.24228294448986157,
                        -0.08597963705849299,
                        0.5065679349266462,
                        -0.4036964018417583,
                        -0.9043236617152793,
                        0.006579451961027089
                    ],
                    [
                        -0.051797199642494685,
                        0.9919174930028801,
                        0.03652794255676842,
                        -0.6800663514933093,
                        -0.743846663488773,
                        0.4024835392976951,
                        -0.08762754959962125,
                        -0.4253464621019126
                    ],
                    [
                        -0.24228294448986157,
                        0.03652794255676842,
                        0.6211566895135009,
                        0.3011396085628543,
                        -0.14401321577522166,
                        0.38674595982824916,
                        1.0746940419921092,
                        -0.1356872341925807
                    ],
                    [
                        -0.08597963705849299,
                        -0.6800663514933093,
                        0.3011396085628543,
                        1.5465466267010122,
                        0.46162678132144713,
                        -0.12621368607717467,
                        1.1636392627094005,
                        0.4797573282143323
                    ],
                    [
                        0.5065679349266462,
                        -0.743846663488773,
                        -0.14401321577522166,
                        0.4616267813214472,
                        2.2048104873566046,
                        0.5947033410812528,
                        1.531935055554463,
                        -1.3653418955217975
                    ],
                    [
                        -0.4036964018417583,
                        0.40248353929769515,
                        0.38674595982824916,
                        -0.12621368607717467,
                        0.5947033410812528,
                        2.321168350726359,
                        2.85223497364781,
                        -2.4894420606331362
                    ],
                    [
                        -0.9043236617152793,
                        -0.0876275495996212,
                        1.0746940419921092,
                        1.1636392627094005,
                        1.531935055554463,
                        2.8522349736478096,
                        6.438443389682624,
                        -3.4044187801045425
                    ],
                    [
                        0.006579451961027089,
                        -0.4253464621019127,
                        -0.13568723419258072,
                        0.47975732821433237,
                        -1.3653418955217973,
                        -2.4894420606331353,
                        -3.4044187801045425,
                        4.516808897754435
                    ]
                ]
            },
            "est_tgt": [
                0,
                2,
                3,
                4,
                5,
                6
            ],
            "oracle_est_tgt": [
                2,
                5
            ]
        },
        "4": {
            "intv_type": "do",
            "inode": 4,
            "new_mui": 1.0,
            "new_vari": null,
            "noise_type": "gaussian",
            "obs_noise_gamma_shape": 2.0,
            "true_params": {
                "Si": [
                    [
                        1.0,
                        0.0,
                        -0.7875505780131586,
                        -0.44621537229305497,
                        0.0,
                        -1.0737202947159221,
                        -2.5337575333062836,
                        0.6114750345885834
                    ],
                    [
                        0.0,
                        1.0,
                        0.0,
                        -0.6910392849515896,
                        0.0,
                        0.9294414219795686,
                        0.7397816869226386,
                        -1.3484398192416953
                    ],
                    [
                        -0.7875505780131586,
                        0.0,
                        1.6202359129288602,
                        0.9180034797435569,
                        0.0,
                        1.3977969325059423,
                        3.6429221896874955,
                        -0.6634572975267783
                    ],
                    [
                        -0.44621537229305497,
                        -0.6910392849515896,
                        0.9180034797435569,
                        1.9976634932564385,
                        0.0,
                        0.1496920640050251,
                        2.1729827539803694,
                        0.7733442353298519
                    ],
                    [
                        0.0,
                        0.0,
                        0.0,
                        0.0,
                        1e-09,
                        6.970687004077818e-10,
                        1.268443971045415e-09,
                        -1.1394327883336342e-09
                    ],
                    [
                        -1.0737202947159221,
                        0.9294414219795686,
                        1.3977969325059423,
                        0.1496920640050251,
                        6.970687004077818e-10,
                        3.321648098697092,
                        4.988898092842623,
                        -2.9396548006509278
                    ],
                    [
                        -2.5337575333062836,
                        0.7397816869226386,
                        3.6429221896874955,
                        2.1729827539803694,
                        1.268443971045415e-09,
                        4.988898092842623,
                        11.516262341790927,
                        -3.9493433083220073
                    ],
                    [
                        0.6114750345885834,
                        -1.3484398192416953,
                        -0.6634572975267783,
                        0.7733442353298519,
                        -1.1394327883336342e-09,
                        -2.9396548006509278,
                        -3.9493433083220073,
                        4.513253119473038
                    ]
                ],
                "mui": [
                    0.0,
                    0.0,
                    0.0,
                    0.0,
                    1.0,
                    0.6970687004077818,
                    1.268443971045415,
                    -1.1394327883336342
                ],
                "Ai": [
                    [
                        0.0,
                        0.0,
                        0.0,
                        0.0,
                        0.0,
                        0.0,
                        0.0,
                        0.0
                    ],
                    [
                        0.0,
                        0.0,
                        0.0,
                        0.0,
                        0.0,
                        0.0,
                        0.0,
                        0.0
                    ],
                    [
                        -0.7875505780131586,
                        -0.0,
                        0.0,
                        0.0,
                        0.0,
                        0.0,
                        0.0,
                        0.0
                    ],
                    [
                        -0.0,
                        -0.6910392849515896,
                        0.5665863053758047,
                        0.0,
                        0.0,
                        0.0,
                        0.0,
                        0.0
                    ],
                    [
                        0.0,
                        0.0,
                        0.0,
                        0.0,
                        0.0,
                        0.0,
                        0.0,
                        0.0
                    ],
                    [
                        -0.638844399799222,
                        0.9294414219795686,
                        0.5521878937779588,
                        -0.0,
                        0.6970687004077818,
                        0.0,
                        0.0,
                        0.0
                    ],
                    [
                        -0.8075965464500818,
                        0.5446333391552951,
                        0.9255282942059834,
                        0.620171137705096,
                        0.8006690439390496,
                        0.6710600071882717,
                        0.0,
                        0.0
                    ],
                    [
                        -0.6213467108005161,
                        -0.0,
                        0.7763669871142291,
                        0.5982011908532106,
                        -0.0,
                        -0.5173474396122626,
                        -0.6139854015798201,
                        0.0
                    ]
                ]
            },
            "oracle_est_tgt": [
                1,
                4,
                5,
                6
            ]
        },
        "0": {
            "intv_type": "do",
            "inode": 0,
            "new_mui": 1.0,
            "new_vari": null,
            "noise_type": "gaussian",
            "obs_noise_gamma_shape": 2.0,
            "true_params": {
                "Si": [
                    [
                        1e-09,
                        0.0,
                        -7.875505780131587e-10,
                        -4.4621537229305497e-10,
                        8.546686073514649e-10,
                        -4.779575593101078e-10,
                        -1.449658291069537e-09,
                        -3.623623997871202e-10
                    ],
                    [
                        0.0,
                        1.0,
                        0.0,
                        -0.6910392849515896,
                        -0.9209263337489773,
                        0.28749249934186594,
                        -0.4283617688982091,
                        -0.29910615892822745
                    ],
                    [
                        -7.875505780131587e-10,
                        0.0,
                        1.0000000006202359,
                        0.5665863057272219,
                        -6.730947557293476e-10,
                        0.5521878941543746,
                        1.6474599809286161,
                        -0.18188978031054448
                    ],
                    [
                        -4.4621537229305497e-10,
                        -0.6910392849515896,
                        0.5665863057272219,
                        1.798555334984917,
                        0.6363962747856159,
                        0.11419348764802462,
                        1.8496142120339507,
                        0.32106301339974397
                    ],
                    [
                        8.546686073514649e-10,
                        -0.9209263337489773,
                        -6.730947557293475e-10,
                        0.6363962747856159,
                        1.8481053129227911,
                        0.43230928660005163,
                        1.662933603156092,
                        -0.8639780502998224
                    ],
                    [
                        -4.779575593101078e-10,
                        0.28749249934186594,
                        0.5521878941543746,
                        0.11419348764802462,
                        0.43230928660005163,
                        1.8734681805294084,
                        2.3418092590768387,
                        -1.9100595324482776
                    ],
                    [
                        -1.449658291069537e-09,
                        -0.4283617688982091,
                        1.6474599809286161,
                        1.8496142120339507,
                        1.662933603156092,
                        2.3418092590768387,
                        6.3415020731261045,
                        -2.719643754287997
                    ],
                    [
                        -3.623623997871202e-10,
                        -0.29910615892822745,
                        -0.18188978031054448,
                        0.32106301339974397,
                        -0.8639780502998224,
                        -1.9100595324482776,
                        -2.719643754287997,
                        3.708833027702911
                    ]
                ],
                "mui": [
                    1.0,
                    0.0,
                    -0.7875505780131586,
                    -0.44621537229305497,
                    0.8546686073514649,
                    -0.47795755931010775,
                    -1.449658291069537,
                    -0.36236239978712015
                ],
                "Ai": [
                    [
                        0.0,
                        0.0,
                        0.0,
                        0.0,
                        0.0,
                        0.0,
                        0.0,
                        0.0
                    ],
                    [
                        0.0,
                        0.0,
                        0.0,
                        0.0,
                        0.0,
                        0.0,
                        0.0,
                        0.0
                    ],
                    [
                        -0.7875505780131586,
                        -0.0,
                        0.0,
                        0.0,
                        0.0,
                        0.0,
                        0.0,
                        0.0
                    ],
                    [
                        -0.0,
                        -0.6910392849515896,
                        0.5665863053758047,
                        0.0,
                        0.0,
                        0.0,
                        0.0,
                        0.0
                    ],
                    [
                        0.8546686073514649,
                        -0.9209263337489773,
                        -0.0,
                        0.0,
                        0.0,
                        0.0,
                        0.0,
                        0.0
                    ],
                    [
                        -0.638844399799222,
                        0.9294414219795686,
                        0.5521878937779588,
                        -0.0,
                        0.6970687004077818,
                        0.0,
                        0.0,
                        0.0
                    ],
                    [
                        -0.8075965464500818,
                        0.5446333391552951,
                        0.9255282942059834,
                        0.620171137705096,
                        0.8006690439390496,
                        0.6710600071882717,
                        0.0,
                        0.0
                    ],
                    [
                        -0.6213467108005161,
                        -0.0,
                        0.7763669871142291,
                        0.5982011908532106,
                        -0.0,
                        -0.5173474396122626,
                        -0.6139854015798201,
                        0.0
                    ]
                ]
            },
            "est_params": {
                "mui": [
                    0.8432065176343855,
                    0.03747953943985474,
                    -0.9031200563074284,
                    -0.5019525305130486,
                    0.838191622661368,
                    -0.42474236358454254,
                    -1.5094955348120187,
                    -0.48745375460924606
                ],
                "Si": [
                    [
                        0.25524604346014956,
                        0.029124294867311887,
                        -0.16044655341876185,
                        -0.09134394904676675,
                        0.09221164071567609,
                        -0.14519008118994634,
                        -0.41088219120306935,
                        0.00893388092291412
                    ],
                    [
                        0.029124294867311887,
                        0.9236562308461749,
                        0.058515934208587084,
                        -0.552218986655611,
                        -0.4776012712830738,
                        0.49481229516274344,
                        0.14555890148147194,
                        -0.5991368330459014
                    ],
                    [
                        -0.16044655341876182,
                        0.05851593420858712,
                        1.1353560255261301,
                        0.6508365371764817,
                        -0.1650565495742193,
                        0.65201473915139,
                        1.8758056989916385,
                        -0.10893966619351379
                    ],
                    [
                        -0.09134394904676675,
                        -0.552218986655611,
                        0.6508365371764817,
                        1.700650015374022,
                        0.21586009048473162,
                        0.07524828770615553,
                        1.6147604378027556,
                        0.5236340516575111
                    ],
                    [
                        0.09221164071567609,
                        -0.4776012712830738,
                        -0.1650565495742193,
                        0.21586009048473162,
                        1.1382710821945383,
                        0.21579704708586755,
                        0.725321199285401,
                        -0.6370639834198937
                    ],
                    [
                        -0.14519008118994634,
                        0.49481229516274344,
                        0.65201473915139,
                        0.0752482877061555,
                        0.2157970470858675,
                        1.9679976381926785,
                        2.502147141645689,
                        -1.8728597932087663
                    ],
                    [
                        -0.41088219120306935,
                        0.14555890148147194,
                        1.8758056989916385,
                        1.6147604378027556,
                        0.7253211992854011,
                        2.502147141645689,
                        6.37118926601775,
                        -2.5441665295207474
                    ],
                    [
                        0.00893388092291412,
                        -0.5991368330459013,
                        -0.10893966619351379,
                        0.5236340516575111,
                        -0.6370639834198938,
                        -1.8728597932087663,
                        -2.544166529520747,
                        3.8015299241055676
                    ]
                ]
            },
            "est_tgt": [
                0,
                2,
                3,
                4,
                5,
                6
            ],
            "oracle_est_tgt": [
                0
            ]
        },
        "obs": {
            "intv_type": "obs",
            "noise_type": "gaussian",
            "obs_noise_gamma_shape": 2.0,
            "true_params": {
                "Si": [
                    [
                        1.0,
                        0.0,
                        -0.7875505780131586,
                        -0.44621537229305497,
                        0.8546686073514649,
                        -0.47795755931010775,
                        -1.449658291069537,
                        -0.36236239978712015
                    ],
                    [
                        0.0,
                        1.0,
                        0.0,
                        -0.6910392849515896,
                        -0.9209263337489773,
                        0.28749249934186594,
                        -0.4283617688982091,
                        -0.29910615892822745
                    ],
                    [
                        -0.7875505780131586,
                        0.0,
                        1.6202359129288602,
                        0.9180034797435569,
                        -0.6730947557293475,
                        0.9286036458783928,
                        2.7891392048403185,
                        0.10348893680665855
                    ],
                    [
                        -0.44621537229305497,
                        -0.6910392849515896,
                        0.9180034797435569,
                        1.9976634932564385,
                        0.2550300043504615,
                        0.3274654977025922,
                        2.4964740254343982,
                        0.48275468636406693
                    ],
                    [
                        0.8546686073514649,
                        -0.9209263337489773,
                        -0.6730947557293475,
                        0.2550300043504615,
                        2.578563740584425,
                        0.02381396541987202,
                        0.4239561716311635,
                        -1.1736778175727154
                    ],
                    [
                        -0.47795755931010775,
                        0.28749249934186594,
                        0.9286036458783928,
                        0.3274654977025922,
                        0.02381396541987202,
                        2.10191160880264,
                        3.0346843970172213,
                        -1.736865684433466
                    ],
                    [
                        -1.449658291069537,
                        -0.4283617688982091,
                        2.7891392048403185,
                        2.4964740254343982,
                        0.4239561716311635,
