{
    "expt_args": {
        "save_dir": "all_expt_logs/expt_logs_sim_compsel_n48_middleout_oracle_corr-half",
        "exp_name": "58",
        "num_nodes": 8,
        "num_tgt_prior": 9,
        "obs_noise_mean": 0.0,
        "obs_noise_var": 1.0,
        "obs_noise_gamma_shape": 2.0,
        "noise_type": "gaussian",
        "max_edge_strength": 1.0,
        "graph_sparsity_method": "adj_dense_prop",
        "adj_dense_prop": 0.8,
        "num_parents": null,
        "new_noise_mean": 1.0,
        "mix_samples": 8192,
        "stage2_samples": 8192,
        "gmm_tol": 0.001,
        "intv_type": "do",
        "new_noise_var": null,
        "dtype": "simulation",
        "cutoff_drop_ratio": 0.07,
        "intv_targets": [
            7,
            0,
            6,
            1
        ]
    },
    "intv_args_dict": {
        "7": {
            "intv_type": "do",
            "inode": 7,
            "new_mui": 1.0,
            "new_vari": null,
            "noise_type": "gaussian",
            "obs_noise_gamma_shape": 2.0,
            "true_params": {
                "Si": [
                    [
                        1.0,
                        0.0,
                        -0.7875505780131586,
                        -0.44621537229305497,
                        0.8546686073514649,
                        -0.47795755931010775,
                        -1.449658291069537,
                        0.0
                    ],
                    [
                        0.0,
                        1.0,
                        0.0,
                        -0.6910392849515896,
                        -0.9209263337489773,
                        0.28749249934186594,
                        -0.4283617688982091,
                        0.0
                    ],
                    [
                        -0.7875505780131586,
                        0.0,
                        1.6202359129288602,
                        0.9180034797435569,
                        -0.6730947557293475,
                        0.9286036458783928,
                        2.7891392048403185,
                        0.0
                    ],
                    [
                        -0.44621537229305497,
                        -0.6910392849515896,
                        0.9180034797435569,
                        1.9976634932564385,
                        0.2550300043504615,
                        0.3274654977025922,
                        2.4964740254343982,
                        0.0
                    ],
                    [
                        0.8546686073514649,
                        -0.9209263337489773,
                        -0.6730947557293475,
                        0.2550300043504615,
                        2.578563740584425,
                        0.02381396541987202,
                        0.4239561716311635,
                        0.0
                    ],
                    [
                        -0.47795755931010775,
                        0.28749249934186594,
                        0.9286036458783928,
                        0.3274654977025922,
                        0.02381396541987202,
                        2.10191160880264,
                        3.0346843970172213,
                        0.0
                    ],
                    [
                        -1.449658291069537,
                        -0.4283617688982091,
                        2.7891392048403185,
                        2.4964740254343982,
                        0.4239561716311635,
                        3.0346843970172213,
                        8.443011231891244,
                        0.0
                    ],
                    [
                        0.0,
                        0.0,
                        0.0,
                        0.0,
                        0.0,
                        0.0,
                        0.0,
                        1e-09
                    ]
                ],
                "mui": [
                    0.0,
                    0.0,
                    0.0,
                    0.0,
                    0.0,
                    0.0,
                    0.0,
                    1.0
                ],
                "Ai": [
                    [
                        0.0,
                        0.0,
                        0.0,
                        0.0,
                        0.0,
                        0.0,
                        0.0,
                        0.0
                    ],
                    [
                        0.0,
                        0.0,
                        0.0,
                        0.0,
                        0.0,
                        0.0,
                        0.0,
                        0.0
                    ],
                    [
                        -0.7875505780131586,
                        -0.0,
                        0.0,
                        0.0,
                        0.0,
                        0.0,
                        0.0,
                        0.0
                    ],
                    [
                        -0.0,
                        -0.6910392849515896,
                        0.5665863053758047,
                        0.0,
                        0.0,
                        0.0,
                        0.0,
                        0.0
                    ],
                    [
                        0.8546686073514649,
                        -0.9209263337489773,
                        -0.0,
                        0.0,
                        0.0,
                        0.0,
                        0.0,
                        0.0
                    ],
                    [
                        -0.638844399799222,
                        0.9294414219795686,
                        0.5521878937779588,
                        -0.0,
                        0.6970687004077818,
                        0.0,
                        0.0,
                        0.0
                    ],
                    [
                        -0.8075965464500818,
                        0.5446333391552951,
                        0.9255282942059834,
                        0.620171137705096,
                        0.8006690439390496,
                        0.6710600071882717,
                        0.0,
                        0.0
                    ],
                    [
                        0.0,
                        0.0,
                        0.0,
                        0.0,
                        0.0,
                        0.0,
                        0.0,
                        0.0
                    ]
                ]
            },
            "est_params": {
                "mui": [
                    -0.3005448260901747,
                    0.22853056078379502,
                    0.2514928892006718,
                    0.0017920532649036806,
                    -0.47716849399979056,
                    0.16154860120977296,
                    0.30828875572447817,
                    0.7174169445166221
                ],
                "Si": [
                    [
                        0.9599699239015268,
                        -0.08284296351684603,
                        -0.7563932204193994,
                        -0.3790293250212994,
                        0.8770560823408756,
                        -0.45521791546383494,
                        -1.3685208615364597,
                        0.051837132945338676
                    ],
                    [
                        -0.08284296351684603,
                        0.9224529493503507,
                        0.04238420255533258,
                        -0.6001614643142279,
                        -0.9308096303314201,
                        0.26880434001491543,
                        -0.34575178689361596,
                        -0.1441856846866023
                    ],
                    [
                        -0.7563932204193994,
                        0.04238420255533258,
                        1.6275353051690036,
                        0.8950802909994151,
                        -0.6772822508572809,
                        0.8926013394820556,
                        2.766788216804234,
                        -0.11334031843717243
                    ],
                    [
                        -0.3790293250212994,
                        -0.6001614643142279,
                        0.8950802909994151,
                        1.8943429151739373,
                        0.21825764335152165,
                        0.3129400111495622,
                        2.4130660075211083,
                        0.1330916032927967
                    ],
                    [
                        0.8770560823408756,
                        -0.9308096303314201,
                        -0.6772822508572809,
                        0.21825764335152165,
                        2.5666438247091548,
                        0.02437618084419794,
                        0.39703323136878366,
                        -0.27412874067734205
                    ],
                    [
                        -0.45521791546383494,
                        0.26880434001491543,
                        0.8926013394820556,
                        0.3129400111495622,
                        0.024376180844197928,
                        1.9686165820916122,
                        2.861684813548707,
                        -0.7530732900286371
                    ],
                    [
                        -1.3685208615364595,
                        -0.34575178689361596,
                        2.766788216804234,
                        2.413066007521108,
                        0.39703323136878366,
                        2.861684813548707,
                        8.261929773184983,
                        -1.0845790386250074
                    ],
                    [
                        0.051837132945338676,
                        -0.1441856846866023,
                        -0.11334031843717243,
                        0.1330916032927967,
                        -0.27412874067734205,
                        -0.7530732900286371,
                        -1.0845790386250076,
                        1.528276593744989
                    ]
                ]
            },
            "est_tgt": [
                0,
                1,
                7
            ],
            "oracle_est_tgt": [
                7
            ]
        },
        "0": {
            "intv_type": "do",
            "inode": 0,
            "new_mui": 1.0,
            "new_vari": null,
            "noise_type": "gaussian",
            "obs_noise_gamma_shape": 2.0,
            "true_params": {
                "Si": [
                    [
                        1e-09,
                        0.0,
                        -7.875505780131587e-10,
                        -4.4621537229305497e-10,
                        8.546686073514649e-10,
                        -4.779575593101078e-10,
                        -1.449658291069537e-09,
                        -3.623623997871202e-10
                    ],
                    [
                        0.0,
                        1.0,
                        0.0,
                        -0.6910392849515896,
                        -0.9209263337489773,
                        0.28749249934186594,
                        -0.4283617688982091,
                        -0.29910615892822745
                    ],
                    [
                        -7.875505780131587e-10,
                        0.0,
                        1.0000000006202359,
                        0.5665863057272219,
                        -6.730947557293476e-10,
                        0.5521878941543746,
                        1.6474599809286161,
                        -0.18188978031054448
                    ],
                    [
                        -4.4621537229305497e-10,
                        -0.6910392849515896,
                        0.5665863057272219,
                        1.798555334984917,
                        0.6363962747856159,
                        0.11419348764802462,
                        1.8496142120339507,
                        0.32106301339974397
                    ],
                    [
                        8.546686073514649e-10,
                        -0.9209263337489773,
                        -6.730947557293475e-10,
                        0.6363962747856159,
                        1.8481053129227911,
                        0.43230928660005163,
                        1.662933603156092,
                        -0.8639780502998224
                    ],
                    [
                        -4.779575593101078e-10,
                        0.28749249934186594,
                        0.5521878941543746,
                        0.11419348764802462,
                        0.43230928660005163,
                        1.8734681805294084,
                        2.3418092590768387,
                        -1.9100595324482776
                    ],
                    [
                        -1.449658291069537e-09,
                        -0.4283617688982091,
                        1.6474599809286161,
                        1.8496142120339507,
                        1.662933603156092,
                        2.3418092590768387,
                        6.3415020731261045,
                        -2.719643754287997
                    ],
                    [
                        -3.623623997871202e-10,
                        -0.29910615892822745,
                        -0.18188978031054448,
                        0.32106301339974397,
                        -0.8639780502998224,
                        -1.9100595324482776,
                        -2.719643754287997,
                        3.708833027702911
                    ]
                ],
                "mui": [
                    1.0,
                    0.0,
                    -0.7875505780131586,
                    -0.44621537229305497,
                    0.8546686073514649,
                    -0.47795755931010775,
                    -1.449658291069537,
                    -0.36236239978712015
                ],
                "Ai": [
                    [
                        0.0,
                        0.0,
                        0.0,
                        0.0,
                        0.0,
                        0.0,
                        0.0,
                        0.0
                    ],
                    [
                        0.0,
                        0.0,
                        0.0,
                        0.0,
                        0.0,
                        0.0,
                        0.0,
                        0.0
                    ],
                    [
                        -0.7875505780131586,
                        -0.0,
                        0.0,
                        0.0,
                        0.0,
                        0.0,
                        0.0,
                        0.0
                    ],
                    [
                        -0.0,
                        -0.6910392849515896,
                        0.5665863053758047,
                        0.0,
                        0.0,
                        0.0,
                        0.0,
                        0.0
                    ],
                    [
                        0.8546686073514649,
                        -0.9209263337489773,
                        -0.0,
                        0.0,
                        0.0,
                        0.0,
                        0.0,
                        0.0
                    ],
                    [
                        -0.638844399799222,
                        0.9294414219795686,
                        0.5521878937779588,
                        -0.0,
                        0.6970687004077818,
                        0.0,
                        0.0,
                        0.0
                    ],
                    [
                        -0.8075965464500818,
                        0.5446333391552951,
                        0.9255282942059834,
                        0.620171137705096,
                        0.8006690439390496,
                        0.6710600071882717,
                        0.0,
                        0.0
                    ],
                    [
                        -0.6213467108005161,
                        -0.0,
                        0.7763669871142291,
                        0.5982011908532106,
                        -0.0,
                        -0.5173474396122626,
                        -0.6139854015798201,
                        0.0
                    ]
                ]
            },
            "est_params": {
                "mui": [
                    0.7720574415664417,
                    0.28267500471470197,
                    -0.6026510161946024,
                    -0.5971449655934519,
                    0.4468489116720742,
                    -0.20478652956218094,
                    -1.1697777953709119,
                    -0.5835765482770383
                ],
                "Si": [
                    [
                        0.35265166793983876,
                        -0.04813201298643688,
                        -0.29493130642195975,
                        -0.10398649239724025,
                        0.3130416870736498,
                        -0.27297901588300916,
                        -0.5808951994149999,
                        0.0551064803878604
                    ],
                    [
                        -0.048132012986436885,
                        0.8877374778469487,
                        0.061521680892113774,
                        -0.5717246177040328,
                        -0.8471476327975561,
                        0.28038212196900886,
                        -0.2688788295166594,
                        -0.23562914615732614
                    ],
                    [
                        -0.29493130642195975,
                        0.061521680892113774,
                        1.2238490136013571,
                        0.6512442375875904,
                        -0.26482113941555924,
                        0.7855576242079952,
                        2.148462405516249,
                        -0.25254804697554983
                    ],
                    [
                        -0.10398649239724025,
                        -0.5717246177040328,
                        0.6512442375875903,
                        1.7421784038520236,
                        0.4747482873715839,
                        0.24302145507841133,
                        1.9911581546662098,
                        0.2151132947401556
                    ],
                    [
                        0.3130416870736498,
                        -0.8471476327975561,
                        -0.26482113941555924,
                        0.4747482873715839,
                        2.0231885039172846,
                        0.2824487507801832,
                        1.1459111074827513,
                        -0.9478100118937733
                    ],
                    [
                        -0.2729790158830091,
                        0.28038212196900886,
                        0.7855576242079952,
                        0.24302145507841133,
                        0.2824487507801832,
                        2.1262585123979356,
                        2.957924889946019,
                        -2.068274072750437
                    ],
                    [
                        -0.5808951994149999,
                        -0.26887882951665937,
                        2.1484624055162485,
                        1.9911581546662098,
                        1.1459111074827513,
                        2.957924889946019,
                        7.5081045629660945,
                        -3.078578471628664
                    ],
                    [
                        0.0551064803878604,
                        -0.23562914615732614,
                        -0.25254804697554983,
                        0.2151132947401556,
                        -0.9478100118937733,
                        -2.0682740727504365,
                        -3.0785784716286644,
                        3.8423460269195053
                    ]
                ]
            },
            "est_tgt": [
                0,
                1,
                3,
                6,
                7
            ],
            "oracle_est_tgt": [
                0
            ]
        },
        "6": {
            "intv_type": "do",
            "inode": 6,
            "new_mui": 1.0,
            "new_vari": null,
            "noise_type": "gaussian",
            "obs_noise_gamma_shape": 2.0,
            "true_params": {
                "Si": [
                    [
                        1.0,
                        0.0,
                        -0.7875505780131586,
                        -0.44621537229305497,
                        0.8546686073514649,
                        -0.47795755931010775,
                        0.0,
                        -1.2524314277829656
                    ],
                    [
                        0.0,
                        1.0,
                        0.0,
                        -0.6910392849515896,
                        -0.9209263337489773,
                        0.28749249934186594,
                        0.0,
                        -0.5621140316266364
                    ],
                    [
                        -0.7875505780131586,
                        0.0,
                        1.6202359129288602,
                        0.9180034797435569,
                        -0.6730947557293475,
                        0.9286036458783928,
                        0.0,
                        1.8159796915525614
                    ],
                    [
                        -0.44621537229305497,
                        -0.6910392849515896,
                        0.9180034797435569,
                        1.9976634932564385,
                        0.2550300043504615,
                        0.3274654977025922,
                        0.0,
                        2.015553293403996
                    ],
                    [
                        0.8546686073514649,
                        -0.9209263337489773,
                        -0.6730947557293475,
                        0.2550300043504615,
                        2.578563740584425,
                        0.02381396541987202,
                        0.0,
                        -0.9133749172815123
                    ],
                    [
                        -0.47795755931010775,
                        0.28749249934186594,
                        0.9286036458783928,
                        0.3274654977025922,
                        0.02381396541987202,
                        2.10191160880264,
                        0.0,
                        0.12638623373716684
                    ],
                    [
                        0.0,
                        0.0,
                        0.0,
                        0.0,
                        0.0,
                        0.0,
                        1e-09,
                        -6.139854015798201e-10
                    ],
                    [
                        -1.2524314277829656,
                        -0.5621140316266364,
                        1.8159796915525614,
                        2.015553293403996,
                        -0.9133749172815123,
                        0.12638623373716684,
                        -6.139854015798201e-10,
                        4.328381616240629
                    ]
                ],
                "mui": [
                    0.0,
                    0.0,
                    0.0,
                    0.0,
                    0.0,
                    0.0,
                    1.0,
                    -0.6139854015798201
                ],
                "Ai": [
                    [
                        0.0,
                        0.0,
                        0.0,
                        0.0,
                        0.0,
                        0.0,
                        0.0,
                        0.0
                    ],
                    [
                        0.0,
                        0.0,
                        0.0,
                        0.0,
                        0.0,
                        0.0,
                        0.0,
                        0.0
                    ],
                    [
                        -0.7875505780131586,
                        -0.0,
                        0.0,
                        0.0,
                        0.0,
                        0.0,
                        0.0,
                        0.0
                    ],
                    [
                        -0.0,
                        -0.6910392849515896,
                        0.5665863053758047,
                        0.0,
                        0.0,
                        0.0,
                        0.0,
                        0.0
                    ],
                    [
                        0.8546686073514649,
                        -0.9209263337489773,
                        -0.0,
                        0.0,
                        0.0,
                        0.0,
                        0.0,
                        0.0
                    ],
                    [
                        -0.638844399799222,
                        0.9294414219795686,
                        0.5521878937779588,
                        -0.0,
                        0.6970687004077818,
                        0.0,
                        0.0,
                        0.0
                    ],
                    [
                        0.0,
                        0.0,
                        0.0,
                        0.0,
                        0.0,
                        0.0,
                        0.0,
                        0.0
                    ],
                    [
                        -0.6213467108005161,
                        -0.0,
                        0.7763669871142291,
                        0.5982011908532106,
                        -0.0,
                        -0.5173474396122626,
                        -0.6139854015798201,
                        0.0
                    ]
                ]
            },
            "est_params": {
                "mui": [
                    0.04384268818495907,
                    -0.005831166948506618,
                    -0.07691469122734639,
                    -0.013318554688384932,
                    0.03303666642571941,
                    0.0017299453950811933,
                    1.0000027713222455,
                    -0.6800699584546185
                ],
                "Si": [
                    [
                        0.949883354648645,
                        0.0058722358114164565,
                        -0.7439809632489293,
                        -0.41813880763934397,
                        0.8361731430913457,
                        -0.4218637781911125,
                        9.91707726154202e-07,
                        -1.1844873333637833
                    ],
                    [
                        0.005872235811416461,
                        0.9750514614160344,
                        -0.05963436246972068,
                        -0.7043674893997559,
                        -0.897910370430225,
                        0.2587203238752993,
                        -4.469321087572618e-06,
                        -0.623411603252974
                    ],
                    [
                        -0.7439809632489293,
                        -0.05963436246972068,
                        1.6210976517426907,
                        0.9502032539218082,
                        -0.5913646249999573,
                        0.8614366865075616,
                        -4.4783591702223915e-07,
                        1.8413298292833795
                    ],
                    [
                        -0.41813880763934397,
                        -0.7043674893997559,
                        0.9502032539218082,
                        1.999551394096605,
                        0.29976768273037024,
                        0.31135607445561025,
                        1.65538401265277e-07,
                        2.0534408134382085
                    ],
                    [
                        0.8361731430913457,
                        -0.897910370430225,
                        -0.5913646249999573,
                        0.29976768273037024,
                        2.5822438474246967,
                        0.1400933461278564,
                        5.122775101073019e-06,
                        -0.8466805379255505
                    ],
                    [
                        -0.4218637781911125,
                        0.2587203238752993,
                        0.8614366865075617,
                        0.31135607445561025,
                        0.1400933461278564,
                        2.090793301354822,
                        -3.4677429625114208e-06,
                        0.04953051282969032
                    ],
                    [
                        9.917077261542007e-07,
                        -4.469321087572618e-06,
                        -4.478359170222386e-07,
                        1.6553840126527725e-07,
                        5.12277510107302e-06,
                        -3.4677429625114216e-06,
                        1.026273721504126e-06,
                        4.858186213795584e-06
                    ],
                    [
                        -1.1844873333637833,
                        -0.623411603252974,
                        1.8413298292833793,
                        2.0534408134382085,
                        -0.8466805379255505,
                        0.049530512829690294,
                        4.858186213795584e-06,
                        4.376735001720313
                    ]
                ]
            },
            "est_tgt": [
                0,
                1,
                2,
                4,
                5,
                6
            ],
            "oracle_est_tgt": [
                1,
                3,
                4,
                5,
                6
            ]
        },
        "1": {
            "intv_type": "do",
            "inode": 1,
            "new_mui": 1.0,
            "new_vari": null,
            "noise_type": "gaussian",
            "obs_noise_gamma_shape": 2.0,
            "true_params": {
                "Si": [
                    [
                        1.0,
                        0.0,
                        -0.7875505780131586,
                        -0.44621537229305497,
                        0.8546686073514649,
                        -0.47795755931010775,
                        -1.449658291069537,
                        -0.36236239978712015
                    ],
                    [
                        0.0,
                        1e-09,
                        0.0,
                        -6.910392849515896e-10,
                        -9.209263337489773e-10,
                        2.87492499341866e-10,
                        -4.283617688982091e-10,
                        -2.991061589282275e-10
                    ],
                    [
                        -0.7875505780131586,
                        0.0,
                        1.6202359129288602,
                        0.9180034797435569,
                        -0.6730947557293475,
                        0.9286036458783928,
                        2.7891392048403185,
                        0.10348893680665855
                    ],
                    [
                        -0.44621537229305497,
                        -6.910392849515896e-10,
                        0.9180034797435569,
                        1.5201282003875696,
                        -0.3813662701801244,
                        0.526134108678072,
                        2.2004592152503966,
                        0.2760605803803822
                    ],
                    [
                        0.8546686073514649,
                        -9.209263337489773e-10,
                        -0.6730947557293475,
                        -0.3813662701801244,
                        1.7304584292401977,
                        0.2885733785543474,
                        0.029466538675998688,
                        -1.4491325556407721
                    ],
                    [
                        -0.47795755931010775,
                        2.87492499341866e-10,
                        0.9286036458783928,
                        0.526134108678072,
                        0.2885733785543474,
                        2.0192596717074593,
                        3.157835192457119,
                        -1.6508749073206355
                    ],
                    [
                        -1.449658291069537,
                        -4.283617688982091e-10,
                        2.7891392048403185,
                        2.2004592152503966,
                        0.029466538675998688,
                        3.157835192457119,
                        8.259517427021137,
                        -2.322467740788765
                    ],
                    [
                        -0.36236239978712015,
                        -2.991061589282275e-10,
                        0.10348893680665855,
                        0.2760605803803822,
                        -1.4491325556407721,
                        -1.6508749073206355,
                        -2.322467740788765,
                        3.750675042131751
                    ]
                ],
                "mui": [
                    0.0,
                    1.0,
                    0.0,
                    -0.6910392849515896,
                    -0.9209263337489773,
                    0.28749249934186594,
                    -0.4283617688982091,
                    -0.29910615892822745
                ],
                "Ai": [
                    [
                        0.0,
                        0.0,
                        0.0,
                        0.0,
                        0.0,
                        0.0,
                        0.0,
                        0.0
                    ],
                    [
                        0.0,
                        0.0,
                        0.0,
                        0.0,
                        0.0,
                        0.0,
                        0.0,
                        0.0
                    ],
                    [
                        -0.7875505780131586,
                        -0.0,
                        0.0,
                        0.0,
                        0.0,
                        0.0,
                        0.0,
                        0.0
                    ],
                    [
                        -0.0,
                        -0.6910392849515896,
                        0.5665863053758047,
                        0.0,
                        0.0,
                        0.0,
                        0.0,
                        0.0
                    ],
                    [
                        0.8546686073514649,
                        -0.9209263337489773,
                        -0.0,
                        0.0,
                        0.0,
                        0.0,
                        0.0,
                        0.0
                    ],
                    [
                        -0.638844399799222,
                        0.9294414219795686,
                        0.5521878937779588,
                        -0.0,
                        0.6970687004077818,
                        0.0,
                        0.0,
                        0.0
                    ],
                    [
                        -0.8075965464500818,
                        0.5446333391552951,
                        0.9255282942059834,
                        0.620171137705096,
                        0.8006690439390496,
                        0.6710600071882717,
                        0.0,
                        0.0
                    ],
                    [
                        -0.6213467108005161,
                        -0.0,
                        0.7763669871142291,
                        0.5982011908532106,
                        -0.0,
                        -0.5173474396122626,
                        -0.6139854015798201,
                        0.0
                    ]
                ]
            },
            "oracle_est_tgt": [
                1,
                3,
                5,
                6
            ]
        },
        "obs": {
            "intv_type": "obs",
            "noise_type": "gaussian",
            "obs_noise_gamma_shape": 2.0,
            "true_params": {
                "Si": [
                    [
                        1.0,
                        0.0,
                        -0.7875505780131586,
                        -0.44621537229305497,
                        0.8546686073514649,
                        -0.47795755931010775,
                        -1.449658291069537,
                        -0.36236239978712015
                    ],
                    [
                        0.0,
                        1.0,
                        0.0,
                        -0.6910392849515896,
                        -0.9209263337489773,
                        0.28749249934186594,
                        -0.4283617688982091,
                        -0.29910615892822745
                    ],
                    [
                        -0.7875505780131586,
                        0.0,
                        1.6202359129288602,
                        0.9180034797435569,
                        -0.6730947557293475,
                        0.9286036458783928,
                        2.7891392048403185,
                        0.10348893680665855
                    ],
                    [
                        -0.44621537229305497,
                        -0.6910392849515896,
                        0.9180034797435569,
                        1.9976634932564385,
                        0.2550300043504615,
                        0.3274654977025922,
                        2.4964740254343982,
                        0.48275468636406693
                    ],
                    [
                        0.8546686073514649,
                        -0.9209263337489773,
                        -0.6730947557293475,
                        0.2550300043504615,
                        2.578563740584425,
                        0.02381396541987202,
                        0.4239561716311635,
                        -1.1736778175727154
                    ],
                    [
                        -0.47795755931010775,
                        0.28749249934186594,
                        0.9286036458783928,
                        0.3274654977025922,
                        0.02381396541987202,
                        2.10191160880264,
                        3.0346843970172213,
                        -1.736865684433466
                    ],
                    [
                        -1.449658291069537,
                        -0.4283617688982091,
                        2.7891392048403185,
                        2.4964740254343982,
                        0.4239561716311635,
                        3.0346843970172213,
